Group Metin_Ciemnosci_Lv30_M2
{
	Type	limit
	level_limit	35
	Mob	8006
	1	80007	2	400
	2	80006	1	400
	3	80005	2	400
	4	71094	1	60
	5	71001	1	60
	6	30509	1	160
	7	80453	1	200
	8	50000	1	400
}

Group Metin_Zazdrosci_Lv35_M2
{
	Type	limit
	level_limit	35
	Mob	8007
	1	80007	2	400
	2	80006	1	400
	3	80005	2	400
	4	71094	1	60
	5	71001	1	60
	6	30509	1	160
	7	80453	1	200
	8	50000	1	400
}

Group BestKapitan_M2
{
	Type	limit
	level_limit	35
	Mob 591
	1	80007	2	400
	2	80006	1	400
	3	80005	2	400
	4	27992	1	20
	5	27993	1	20
	6	27994	1	20
	7	50513	1	40
	8	71094	1	120
	9	71001	1	120
	10	30508	1	160
	11	50069	1	400
	12	50000	1	400
}

Group MetinDuszy_Lv40_DolinaOrkow
{
	Type	limit
	level_limit	35
	Mob	8008
	1	80007	3	400
	2	80006	1	400
	3	80005	2	400
	4	71094	1	80
	5	71001	1	80
	6	80453	1	240
	7	30509	1	200
	8	50000	1	400
	9	203000	1	20
}

Group MetinCienia_Lv45_DolinaOrkow
{
	Type	limit
	level_limit	45
	Mob	8009
	1	80007	3	400
	2	80006	1	400
	3	80005	2	400
	4	71094	1	80
	5	71001	1	80
	6	80453	1	240
	7	30509	1	200
	8	50000	1	400
	9	203000	1	20
}

Group WodzOrkow_DolinaOrkow
{
	Type	limit
	level_limit	45
	Mob	691
	1	80007	3	400
	2	80006	1	400
	3	80005	2	400
	4	27992	1	40
	5	27993	1	40
	6	27994	1	40
	7	50000	1	400
	8	71094	1	180
	9	71001	1	180
	10	50513	1	80
	11	50070	1	400
	12	30508	1	200
}

Group PajeczeJajo_LochPajakow
{
	Type	limit
	level_limit	60
	Mob	2095
	1	80007	4	400
	2	80006	2	400
	3	80005	4	400
	4	71094	1	120
	5	71001	1	120
	6	80453	1	280
	7	30509	1	240
	8	50000	1	400
	9	203000	1	20
}

Group KrolowaPajakow_LochPajakow
{
	Type	limit
	level_limit	60
	Mob	2091
	1	80007	4	400
	2	80006	2	400
	3	80005	4	400
	4	27992	1	80
	5	27993	1	80
	6	27994	1	80
	7	71094	1	240
	8	71001	1	240
	9	50513	1	120
	10	50073	1	400
	11	30508	1	240
	12	50255	1	400
	13	50000	1	400
}

Group DziewiecOgonow_Sohan
{
	Type	limit
	level_limit	60
	Mob	1901
	1	80007	4	400
	2	80006	2	400
	3	80005	4	400
	4	27992	1	80
	5	27993	1	80
	6	27994	1	80
	7	71094	1	240
	8	71001	1	240
	9	50513	1	120
	10	88099	1	400
	11	30508	1	240
	12	50255	1	400
	13	50000	1	400
}

Group Metiny_Sohan
{
	Type	limit
	level_limit	60
	Mob	8013
	1	80007	4	400
	2	80006	2	400
	3	80005	4	400
	4	71094	1	120
	5	71001	1	120
	6	80453	1	280
	7	30509	1	240
	8	50000	1	400
	9	203000	1	20
}

Group Sycomor_Las
{
	Type	limit
	level_limit	60
	Mob	3913
	1	80007	4	400
	2	80006	2	400
	3	80005	4	400
	4	27992	1	80
	5	27993	1	80
	6	27994	1	80
	7	71094	1	240
	8	71001	1	240
	9	50513	1	120
	10	88080	1	400
	11	30508	1	240
	12	50255	1	400
	13	50000	1	400
}

Group Metiny_Las
{
	Type	limit
	level_limit	60
	Mob	8027
	1	80007	4	400
	2	80006	2	400
	3	80005	4	400
	4	71094	1	120
	5	71001	1	120
	6	80453	1	280
	7	30509	1	240
	8	50000	1	400
	9	203000	1	20
}

Group MetinZaru_Mapa75
{
	Type	limit
	level_limit	90
	Mob	8052
	1	80007	7	400
	2	80006	7	400
	3	80005	8	400
	4	71094	1	140
	5	71001	1	140
	6	204004	1	40
	7	80454	1	280
	8	80461	1	400
	9	50000	1	400
	10	80451	1	120
	11	50097	1	80
	12	79010	1	120
	13	27992	1	70
	14	27993	1	70
	15	27994	1	70
	16	71051	1	12
	17	203000	1	20
	18	203004	1	4
	19	203005	1	4
	20	203006	1	4
}
Group Dung90_metin1
{
	Type	limit
	level_limit	90
	Mob	202011
	1	80007	7	400
	2	80006	7	400
	3	80005	8	400
	4	71094	1	140
	5	71001	1	140
	6	204004	1	40
	7	80454	1	280
	8	80461	1	400
	9	50000	1	400
	10	80451	1	120
	11	50097	1	80
	12	79010	1	120
	13	27992	1	70
	14	27993	1	70
	15	27994	1	70
	16	71051	1	12
	17	203000	1	20
	18	203004	1	4
	19	203005	1	4
	20	203006	1	4
}
Group MetinProznosci_Mapa75
{
	Type	limit
	level_limit	90
	Mob	8053
	1	80007	7	400
	2	80006	7	400
	3	80005	8	400
	4	71094	1	140
	5	71001	1	140
	6	204004	1	40
	7	80454	1	280
	8	80461	1	400
	9	50000	1	400
	10	80451	1	120
	11	50097	1	80
	12	79010	1	120
	13	27992	1	60
	14	27993	1	60
	15	27994	1	60
	16	71051	1	12
	17	203000	1	20
	18	203004	1	4
	19	203005	1	4
	20	203006	1	4
}

Group Polifem_Mapa75
{
	Type	limit
	level_limit	90
	Mob	3191
	1	80007	14	400
	2	80006	14	400
	3	80005	16	400
	4	27992	1	100
	5	27993	1	100
	6	27994	1	100
	7	50000	1	400
	8	71094	1	300
	9	71001	1	300
	10	50513	1	160
	11	50098	1	400
	12	80460	1	400
	13	50255	1	400
	14	50256	1	400
	15	80050	1	280
	16	80019	1	280
	17	50099	1	240
	18	100300	1	80
	19	79011	1	400
	20	71016	1	12
	21	51000	1	120
	22	71051	1	12
	23	203004	1	4
	24	203005	1	4
	25	203006	1	4
}

Group Arges_Mapa75
{
	Type	limit
	level_limit	90
	Mob	3190
	1	80007	14	400
	2	80006	14	400
	3	80005	16	400
	4	27992	1	100
	5	27993	1	100
	6	27994	1	100
	7	50000	1	400
	8	71094	1	300
	9	71001	1	300
	10	50513	1	160
	11	88092	1	400
	12	80460	1	400
	13	50255	1	400
	14	50256	1	400
	15	80050	1	280
	16	80019	1	280
	17	50099	1	240
	18	100300	1	80
	19	79011	1	400
	20	71016	1	12
	21	51000	1	120
	22	71051	1	12
	23	203004	1	4
	24	203005	1	4
	25	203006	1	4
}

Group Metin0_Mapa100
{
	Type	limit
	level_limit	120 
	Mob	8210
	1	80007	12	400
	2	80006	11	400
	3	80005	10	400
	4	71094	1	160
	5	71001	1	160
	6	204005	1	40
	7	80454	1	200
	8	30519	1	320
	9	50000	1	400
	10	70005	1	20
	11	50097	1	100
	12	79010	1	128
	13	90029	1	0.01
	14	27992	1	60
	15	27993	1	60
	16	27994	1	60
	17	71051	1	12
	18	203000	1	20
	19	203004	1	4
	20	203005	1	4
	21	203006	1	4
}
Group Metin1_Mapa100
{
	Type	limit
	level_limit	120 
	Mob	8207
	1	80007	12	400
	2	80006	11	400
	3	80005	10	400
	4	71094	1	160
	5	71001	1	160
	6	204005	1	40
	7	80454	1	200
	8	30519	1	320
	9	50000	1	400
	10	70005	1	20
	11	50097	1	100
	12	79010	1	128
	13	90029	1	0.01
	14	27992	1	60
	15	27993	1	60
	16	27994	1	60
	17	71051	1	12
	18	203000	1	20
	19	203004	1	4
	20	203005	1	4
	21	203006	1	4
}
Group Boss0_Mapa100
{
	Type	limit
	level_limit	120 
	Mob	8213
	1	80007	27	400
	2	80006	20	400
	3	80005	12	400
	4	27992	1	400
	5	27993	1	400
	6	27994	1	400
	7	50000	3	400
	8	71094	1	400
	9	71001	1	400
	10	50513	1	400
	11	88091	1	400
	12	80450	1	280
	13	50255	4	400
	14	50256	2	400
	15	50257	1	400
	16	80051	1	280
	17	80019	1	280
	18	50099	1	280
	19	100300	1	160
	20	79011	2	400
	21	71016	1	12
	22	51000	1	320
	23	71051	1	12
	24	203004	1	4
	25	203005	1	4
	26	203006	1	4
}
Group Boss1_Mapa100
{
	Type	limit
	level_limit	120 
	Mob	8214
	1	80007	27	400
	2	80006	20	400
	3	80005	12	400
	4	27992	1	400
	5	27993	1	400
	6	27994	1	400
	7	50000	3	400
	8	71094	1	400
	9	71001	1	400
	10	50513	1	400
	11	88090	1	400
	12	80450	1	280
	13	50255	4	400
	14	50256	2	400
	15	50257	1	400
	16	80051	1	280
	17	80019	1	280
	18	50099	1	280
	19	100300	1	160
	20	79011	2	400
	21	71016	1	12
	22	51000	1	320
	23	71051	1	12
	24	203004	1	4
	25	203005	1	4
	26	203006	1	4
}
Group Dung110_metin1
{
	Type	limit
	level_limit	120 
	Mob	202012
	1	80007	12	400
	2	80006	11	400
	3	80005	10	400
	4	71094	1	160
	5	71001	1	160
	6	204005	1	40
	7	80454	1	200
	8	30519	1	320
	9	50000	1	400
	10	70005	1	20
	11	50097	1	100
	12	79010	1	128
	13	90029	1	0.01
	14	27992	1	60
	15	27993	1	60
	16	27994	1	60
	17	71051	1	12
	18	203000	1	20
	19	203004	1	4
	20	203005	1	4
	21	203006	1	4
}
Group Dung110_metin2
{
	Type	limit
	level_limit	120 
	Mob	202003
	1	80007	12	400
	2	80006	11	400
	3	80005	10	400
	4	71094	1	160
	5	71001	1	160
	6	204005	1	40
	7	80454	1	200
	8	30519	1	320
	9	50000	1	400
	10	70005	1	20
	11	50097	1	100
	12	79010	1	128
	13	90029	1	0.01
	14	27992	1	60
	15	27993	1	60
	16	27994	1	60
	17	71051	1	12
	18	203000	1	20
	19	203004	1	4
	20	203005	1	4
	21	203006	1	4
}
Group Metin0_Mapa125
{
	Type	limit
	level_limit	140 
	Mob	6798
	1	80007	18	400
	2	80006	17	400
	3	80005	18	400
	4	71094	1	200
	5	71001	1	200
	6	204006	1	40
	7	80455	1	200
	8	80459	1	320
	9	50000	1	400
	10	70005	1	20
	11	50097	1	120
	12	79010	1	136
	13	90029	1	0.01
	14	27992	2	60
	15	27993	2	60
	16	27994	2	60
	17	71051	2	12
	18	201000	1	8
	19	204005	1	40
	20	203000	1	20
	21	203004	1	4
	22	203005	1	4
	23	203006	1	4
}
Group Dung125_metin1
{
	Type	limit
	level_limit	140 
	Mob	202014
	1	80007	18	400
	2	80006	17	400
	3	80005	18	400
	4	71094	1	200
	5	71001	1	200
	6	204006	1	40
	7	80455	1	200
	8	80459	1	320
	9	50000	1	400
	10	70005	1	20
	11	50097	1	120
	12	79010	1	136
	13	90029	1	0.01
	14	27992	2	60
	15	27993	2	60
	16	27994	2	60
	17	71051	2	12
	18	201000	1	8
	19	204005	1	40
	20	203000	1	20
	21	203004	1	4
	22	203005	1	4
	23	203006	1	4
}
Group Metin1_Mapa125
{
	Type	limit
	level_limit	140 
	Mob	8203
	1	80007	18	400
	2	80006	17	400
	3	80005	18	400
	4	71094	1	200
	5	71001	1	200
	6	204006	1	40
	7	80455	1	200
	8	80459	1	320
	9	50000	1	400
	10	70005	1	20
	11	50097	1	120
	12	79010	1	136
	13	90029	1	0.01
	14	27992	2	60
	15	27993	2	60
	16	27994	2	60
	17	71051	2	12
	18	201000	1	8
	19	204005	1	40
	20	203000	1	20
	21	203004	1	4
	22	203005	1	4
	23	203006	1	4
}
Group Boss0_Mapa125
{
	Type	limit
	level_limit	140 
	Mob	6783
	1	80007	72	400
	2	80006	71	400
	3	80005	72	400
	4	27992	2	400
	5	27993	2	400
	6	27994	2	400
	7	50000	5	400
	8	71094	2	400
	9	71001	2	400
	10	50513	2	400
	11	88093	1	400
	12	80458	1	220
	13	50255	6	400
	14	50256	4	400
	15	50257	2	400
	16	80052	1	280
	17	80019	2	400
	18	50099	1	320
	19	100300	1	80
	20	79011	3	400
	21	71016	1	12
	22	51000	1	400
	23	71051	2	12
	24	201000	1	8
	25	203004	1	4
	26	203005	1	4
	27	203006	1	4
}
Group Boss1_Mapa125
{
	Type	limit
	level_limit	140 
	Mob	6789
	1	80007	72	400
	2	80006	71	400
	3	80005	72	400
	4	27992	2	400
	5	27993	2	400
	6	27994	2	400
	7	50000	5	400
	8	71094	2	400
	9	71001	2	400
	10	50513	2	400
	11	88093	1	400
	12	80458	1	220
	13	50255	6	400
	14	50256	4	400
	15	50257	2	400
	16	80052	1	280
	17	80019	2	400
	18	50099	1	320
	19	100300	1	80
	20	79011	3	400
	21	71016	1	12
	22	51000	1	400
	23	71051	2	12
	24	201000	1	8
	25	203004	1	4
	26	203005	1	4
	27	203006	1	4
}
Group Dung150_metin1
{
	Type	limit
	level_limit	170 
	Mob	202016
	1	80007	24	400
	2	80006	21	400
	3	80005	22	400
	4	71094	1	220
	5	71001	1	220
	6	204007	1	40
	7	80456	1	200
	8	30512	1	320
	9	50000	1	400
	10	70005	1	20
	11	50097	1	160
	12	79010	1	144
	13	90029	1	0.01
	14	27992	2	60
	15	27993	2	60
	16	27994	2	60
	17	71051	2	12
	18	201000	1	8
	19	203000	1	20
	20	203004	1	4
	21	203005	1	4
	22	203006	1	4
}
Group Metin0_Mapa150
{
	Type	limit
	level_limit	170 
	Mob	6801
	1	80007	24	400
	2	80006	21	400
	3	80005	22	400
	4	71094	1	220
	5	71001	1	220
	6	204007	1	40
	7	80456	1	200
	8	30512	1	320
	9	50000	1	400
	10	70005	1	20
	11	50097	1	160
	12	79010	1	144
	13	90029	1	0.01
	14	27992	2	60
	15	27993	2	60
	16	27994	2	60
	17	71051	2	12
	18	201000	1	8
	19	203000	1	20
	20	203004	1	4
	21	203005	1	4
	22	203006	1	4
}
Group Metin1_Mapa150
{
	Type	limit
	level_limit	170 
	Mob	6799
	1	80007	24	400
	2	80006	21	400
	3	80005	22	400
	4	71094	1	220
	5	71001	1	220
	6	204007	1	40
	7	80456	1	200
	8	30512	1	320
	9	50000	1	400
	10	70005	1	20
	11	50097	1	160
	12	79010	1	144
	13	90029	1	0.01
	14	27992	2	60
	15	27993	2	60
	16	27994	2	60
	17	71051	2	12
	18	201000	1	8
	19	203000	1	20
	20	203004	1	4
	21	203005	1	4
	22	203006	1	4
}
Group Boss0_Mapa150
{
	Type	limit
	level_limit	170 
	Mob	34600
	1	80007	100	400
	2	80006	100	400
	3	80005	100	400
	4	27992	3	400
	5	27993	3	400
	6	27994	3	400
	7	50000	8	400
	8	71094	3	400
	9	71001	3	400
	10	50513	3	400
	11	88095	1	400
	12	30502	1	220
	13	50255	10	400
	14	50256	6	400
	15	50257	3	400
	16	80053	1	280
	17	80019	2	400
	18	50099	1	400
	19	100300	1	160
	20	79011	4	400
	21	71016	1	12
	22	51000	2	400
	23	71051	2	12
	24	201000	1	8
	25	203004	1	4
	26	203005	1	4
	27	203006	1	4
}
Group Boss1_Mapa150
{
	Type	limit
	level_limit	170 
	Mob	34601
	1	80007	100	400
	2	80006	100	400
	3	80005	100	400
	4	27992	3	400
	5	27993	3	400
	6	27994	3	400
	7	50000	8	400
	8	71094	3	400
	9	71001	3	400
	10	50513	3	400
	11	88096	1	400
	12	30502	1	220
	13	50255	10	400
	14	50256	6	400
	15	50257	3	400
	16	80053	1	280
	17	80019	2	400
	18	50099	1	400
	19	100300	1	160
	20	79011	4	400
	21	71016	1	12
	22	51000	2	400
	23	71051	2	12
	24	201000	1	8
	25	203004	1	4
	26	203005	1	4
	27	203006	1	4
}
Group Metin0_Mapa175
{
	Type	limit
	level_limit	174
	Mob	6802
	1	80007	34	400
	2	80006	35	400
	3	80005	34	400
	4	71094	1	240
	5	71001	1	240
	6	204009	1	120
	7	80457	1	200
	8	30501	1	320
	9	50000	1	400
	10	70005	1	20
	11	50097	1	180
	12	79010	1	160
	13	90029	1	0.01
	14	27992	3	60
	15	27993	3	60
	16	27994	3	60
	17	71051	2	12
	18	201000	1	8
	19	203000	1	20
	20	203004	1	4
	21	203005	1	4
	22	203006	1	4
	23	80456	1	150
}
Group Dung175_metin1
{
	Type	limit
	level_limit	174
	Mob	202019
	1	80007	34	400
	2	80006	35	400
	3	80005	34	400
	4	71094	1	240
	5	71001	1	240
	6	204009	1	120
	7	80457	1	200
	8	30501	1	320
	9	50000	1	400
	10	70005	1	20
	11	50097	1	180
	12	79010	1	160
	13	90029	1	0.01
	14	27992	3	60
	15	27993	3	60
	16	27994	3	60
	17	71051	2	12
	18	201000	1	8
	19	203000	1	20
	20	203004	1	4
	21	203005	1	4
	22	203006	1	4
	23	80456	1	150
}
Group Metin1_Mapa175
{
	Type	limit
	level_limit	174
	Mob	6803
	1	80007	34	400
	2	80006	35	400
	3	80005	34	400
	4	71094	1	240
	5	71001	1	240
	6	204009	1	120
	7	80457	1	200
	8	30501	1	320
	9	50000	1	400
	10	70005	1	20
	11	50097	1	180
	12	79010	1	160
	13	90029	1	0.01
	14	27992	3	60
	15	27993	3	60
	16	27994	3	60
	17	71051	2	12
	18	201000	1	8
	19	203000	1	20
	20	203004	1	4
	21	203005	1	4
	22	203006	1	4
	23	80456	1	150
}
Group Boss0_Mapa175
{
	Type	limit
	level_limit	174
	Mob	3390
	1	80007	120	400
	2	80006	120	400
	3	80005	120	400
	4	27992	5	400
	5	27993	5	400
	6	27994	5	400
	7	50000	15	400
	8	71094	4	400
	9	71001	4	400
	10	50513	4	400
	11	88097	1	400
	12	30505	1	220
	13	50255	15	400
	14	50256	10	400
	15	50257	5	400
	16	80054	1	280
	17	80019	3	400
	18	50099	1	400
	19	100500	1	160
	20	79011	6	400
	21	71016	1	12
	22	51000	3	400
	23	71051	2	12
	24	201000	1	8
	25	203004	1	4
	26	203005	1	4
	27	203006	1	4
}
Group Boss1_Mapa175
{
	Type	limit
	level_limit	174
	Mob	3391
	1	80007	120	400
	2	80006	120	400
	3	80005	120	400
	4	27992	5	400
	5	27993	5	400
	6	27994	5	400
	7	50000	15	400
	8	71094	4	400
	9	71001	4	400
	10	50513	4	400
	11	88098	1	400
	12	30505	1	220
	13	50255	15	400
	14	50256	10	400
	15	50257	5	400
	16	80054	1	280
	17	80019	3	400
	18	50099	1	400
	19	100500	1	160
	20	79011	6	400
	21	71016	1	12
	22	51000	3	400
	23	71051	2	12
	24	201000	1	8
	25	203004	1	4
	26	203005	1	4
	27	203006	1	4
}

Group OrcChief
{
	Type	drop
	Mob	693
	1	80007	20	400
	2	80006	20	400
	3	80005	20	400
	4	90058	22	400
	5	27994	2	200
	6	27993	2	200
	7	27992	2	200
}

Group Riper
{
	Type	drop
	Mob	1093
	1	80007	30	400
	2	80006	40	400
	3	80005	40	400
	4	90059	22	400
	5	180	1	24
	6	2170	1	24
	7	5120	1	24
	8	1130	1	24
	9	3160	1	24
	10	89000	1	18
	11	89010	1	18
	12	89020	1	18
	13	89030	1	18
}

Group Wukong
{
	Type	drop
	Mob	9682
	1	80007	40	400
	2	80006	50	400
	3	80005	60	400
	4	90060	22	400
	5	71051	2	50
	6	90030	2	400
	7	80020	2	100
}

Group Hwang
{
	Type	drop
	Mob	202202
	1	80007	60	400
	2	80006	80	400
	3	80005	80	400
	4	90061	22	400
	5	71051	2	50
	6	90031	2	400
	7	80020	2	100
}

Group ArktycznyKrol
{
	Type	drop
	Mob	9712
	1	80007	80	400
	2	80006	120	400
	3	80005	140	400
	4	90062	10	400
	5	71051	1	50
	6	90032	1	400
	7	80020	1	100
}

Group PiekielnyWladca
{
	Type	drop
	Mob	29754
	1	80007	120	400
	2	80006	110	400
	3	80005	200	400
	4	90063	22	400
	5	71051	1	50
	6	90033	1	400
	7	80020	1	100
}

Group HellEmperorDungeon175
{
	Type	drop
	Mob	202223
	1	80007	180	400
	2	80007	180	400
	3	80006	220	400
	4	80006	220	400
	5	80005	240	400
	6	80005	240	400
	7	90064	22	400
	8	71051	2	50
	9	90034	2	400
	10	80020	2	100
}

Group Baronessdungeon160
{
	Type	drop
	Mob	202218
	1	80008	200	400
	2	50259	4	200
	3	79012	4	400
	4	31077	2	320
	5	71094	24	400
	6	71001	24	400
	7	50513	24	200
	8	51000	16	200
	9	80019	20	400
	10	90500	6	200
	11	34000	2	20
	12	80030	4	400
	13	56003	1	16
	14	201000	6	200
	15	25045	4	100
	16	23000	1	80
	17	90037	2	100
	18	90038	2	100
}

Group SzkatKapitanaII
{
	Type	drop
	Mob	16179
	1	80008	3000	400
	2	50259	8	400
	3	79012	6	400
	4	31077	1	400
	5	71094	56	400
	6	71001	56	400
	7	50513	56	400
	8	51000	28	400
	9	80019	64	400
	10	90500	12	400
	11	34000	1	60
	12	80030	4	400
	13	56001	1	16
	14	201000	56	400
	15	25045	4	400
	16	90036	1	400
	17	23000	1	100
	18	90039	1	240
	19	90040	1	240
	20	90029	1	12
}

Group Elitka_Mapa100
{
	Type	drop
	Mob	2771
	1	71094	5	400
	2	71094	5	400
	3	71094	5	400
	4	71001	5	400
	5	71001	5	400
	6	71001	5	400
	7	50513	5	400
	8	50513	5	400
	9	50513	5	400
	10	90037	1	400
	11	90037	1	400
	12	90037	1	200
	13	80008	40	400
	14	90500	2	80
	15	90500	2	80
	16	90500	2	80
	17	51000	4	400
	18	51000	4	400
	19	80019	10	400
	20	80019	10	400
	21	80051	3	400
	22	80051	3	400
	23	80051	3	400
	24	25044	5	40
	25	71051	4	400
	26	71051	4	400
	27	27992	30	400
	28	27993	30	400
	29	27994	30	400
}

Group Elitka_Mapa125
{
	Type	drop
	Mob	2810
	1	71094	5	400
	2	71094	5	400
	3	71094	5	400
	4	71094	5	400
	5	71001	5	400
	6	71001	5	400
	7	71001	5	400
	8	71001	5	400
	9	50513	5	400
	10	50513	5	400
	11	50513	5	400
	12	50513	5	400
	13	90038	1	400
	14	90038	1	400
	15	90038	1	200
	16	80008	100	400
	17	90500	3	80
	18	90500	3	80
	19	90500	3	80
	20	51000	6	400
	21	51000	6	400
	22	80019	15	400
	23	80019	15	400
	24	80019	15	400
	25	80052	3	400
	26	80052	3	400
	27	80052	3	400
	28	25044	10	40
	29	71051	4	400
	30	71051	4	400
	31	27992	30	400
	32	27993	30	400
	33	27994	30	400
}

Group Elitka_Mapa150
{
	Type	drop
	Mob	2820
	1	71094	6	400
	2	71094	6	400
	3	71094	6	400
	4	71094	6	400
	5	71094	6	400
	6	71001	6	400
	7	71001	6	400
	8	71001	6	400
	9	71001	6	400
	10	71001	6	400
	11	50513	6	400
	12	50513	6	400
	13	50513	6	400
	14	50513	6	400
	15	50513	6	400
	16	90039	1	400
	17	90039	1	400
	18	90039	1	200
	19	80008	200	400
	20	90500	4	80
	21	90500	4	80
	22	90500	4	80
	23	51000	8	400
	24	51000	8	400
	25	80019	15	400
	26	80019	15	400
	27	80019	15	400
	28	80053	3	400
	29	80053	3	400
	30	80053	3	400
	31	25044	15	40
	32	71051	4	400
	33	71051	4	400
	34	71051	4	400
	35	27992	30	400
	36	27993	30	400
	37	27994	30	400
}

Group Elitka_Mapa175
{
	Type	drop
	Mob	2760
	1	71094	6	400
	2	71094	6	400
	3	71094	6	400
	4	71094	6	400
	5	71094	6	400
	6	71001	6	400
	7	71001	6	400
	8	71001	6	400
	9	71001	6	400
	10	71001	6	400
	11	50513	6	400
	12	50513	6	400
	13	50513	6	400
	14	50513	6	400
	15	50513	6	400
	16	90040	1	400
	17	90040	1	400
	18	90040	1	200
	19	80008	200	400
	20	90500	4	80
	21	90500	4	80
	22	90500	4	80
	23	51000	8	400
	24	51000	8	400
	25	80019	15	400
	26	80019	15	400
	27	80019	15	400
	28	80054	3	400
	29	80054	3	400
	30	80054	3	400
	31	25044	15	40
	32	71051	4	400
	33	71051	4	400
	34	71051	4	400
	35	27992	30	400
	36	27993	30	400
	37	27994	30	400
}

Group Legenda125
{
	Type	drop
	Mob	6791
	1	80008	200	400
	2	80008	200	400
	3	80008	200	400
	4	80008	200	400
	5	80008	200	400
	6	25045	2	400
	7	25045	2	400
	8	25045	2	400
	9	25045	2	400
	10	25045	2	400
	11	50259	2	400
	12	50259	2	400
	13	50259	2	400
	14	50259	2	400
	15	50259	2	400
	16	50259	2	400
	17	50259	2	400
	18	50259	2	400
	19	50259	2	400
	20	50259	2	400
	21	200043	2	400
	22	200043	2	400
	23	200043	2	400
	24	200043	2	400
	25	200043	2	400
	26	23000	1	40
	27	23000	1	40
	28	23000	1	40
	29	23000	1	40
	30	23000	1	40
	31	23000	1	40
	32	90029	1	40
	33	90029	1	40
	34	90029	1	40
	35	90029	1	40
	36	80019	8	400
	37	80019	8	400
	38	80019	8	400
	39	80019	8	400
	40	80019	8	400
	41	90037	1	400
	42	90037	1	400
	43	90037	1	400
	44	90037	1	400
	45	90037	1	400
	46	90037	1	400
	47	90038	1	400
	48	90038	1	400
	49	90038	1	400
	50	90038	1	400
	51	90038	1	400
	52	90038	1	400
	53	72348	3	100
	54	72348	3	100
	55	72348	3	100
	56	72348	3	100
	57	72348	3	100
	58	72349	3	100
	59	72349	3	100
	60	72349	3	100
	61	72349	3	100
	62	72349	3	100
	63	34000	1	56
	64	34000	1	56
	65	34000	1	56
	66	56002	1	15
	67	56002	1	15
	68	27992	80	400
	69	27993	80	400
	70	27994	80	400
	71	203012	1	15
}

Group Legenda200
{
	Type	drop
	Mob	6804
	1	80008	500	400
	2	80008	500	400
	3	80008	500	400
	4	80008	500	400
	5	80008	500	400
	6	25045	4	400
	7	25045	4	400
	8	25045	4	400
	9	25045	4	400
	10	25045	4	400
	11	56000	1	14
	11	56000	1	14
	12	50259	8	400
	13	50259	8	400
	14	50259	8	400
	15	50259	8	400
	16	50259	8	400
	17	204010	2	400
	18	204010	2	400
	19	204010	2	400
	20	204010	2	400
	21	204010	2	400
	22	23000	1	60
	23	23000	1	60
	24	23000	1	60
	25	23000	1	60
	26	23000	1	60
	27	23000	1	60
	28	90029	1	40
	29	90029	1	40
	30	90029	1	40
	31	90029	1	40
	32	90039	1	400
	33	90039	1	400
	34	90039	1	400
	35	90039	1	400
	36	90039	1	400
	37	90039	1	400
	38	90040	1	400
	39	90040	1	400
	40	90040	1	400
	41	90040	1	400
	42	90040	1	400
	43	90040	1	400
	44	72348	5	400
	45	72348	5	400
	46	72348	5	400
	47	72348	5	400
	48	72348	5	400
	49	72349	5	400
	50	72349	5	400
	51	72349	5	400
	52	72349	5	400
	53	72349	5	400
	54	34000	1	56
	55	34000	1	56
	56	34000	1	56
	57	203012	1	15
}

Group Easter_stone_maps
{
	Type	drop
	Mob	61001
	1	201206	1	15
}

Group Easter_stone_eastermap
{
	Type	drop
	Mob	61002
	1	80007	250	400
	2	80006	250	400
	3	80005	250	400
	4	27992	20	400
	5	27993	20	400
	6	27994	20	400
	7	50000	30	400
	8	71094	10	400
	9	71001	10	400
	10	50513	4	400
	11	201207	1	400
	12	30505	1	220
	13	50255	15	400
	14	50256	10	400
	15	50257	5	400
	16	80050	1	60
	17	80051	1	60
	18	80052	1	60
	19	80053	1	60
	20	80054	1	60
	21	80055	1	60
	22	80019	6	400
	23	50099	2	400
	24	100500	1	160
	25	79011	6	400
	26	51000	6	400
	27	71051	2	40
	28	201000	4	16
	29	201200	1	30
	30	201201	1	20
	31	201202	1	10
	32	201214	1	8
}

Group Easter_goblin
{
	Type	drop
	Mob	61003
	1	201208	1	400
	2	201214	1	10
	3	201215	1	50
}

Group Easter_stone_dungeon
{
	Type	drop
	Mob	61004
	1	80007	250	400
	2	80006	250	400
	3	80005	250	400
	4	27992	40	400
	5	27993	40	400
	6	27994	40	400
	7	50000	60	400
	8	71094	20	400
	9	71001	20	400
	10	50513	8	400
	11	201207	5	400
	12	30505	1	220
	13	50255	30	400
	14	50256	20	400
	15	50257	10	400
	16	80050	1	140
	17	80051	1	140
	18	80052	1	140
	19	80053	1	140
	20	80054	1	140
	21	80055	1	140
	22	80019	6	400
	23	50099	2	400
	24	100500	1	160
	25	79011	6	400
	26	51000	6	400
	27	71051	2	40
	28	201000	4	16
	29	201200	3	400
	30	201201	2	400
	31	201202	1	400
}

Group Easter_miniboss_dungeon
{
	Type	drop
	Mob	61006
	1	80007	250	400
	2	80006	250	400
	3	80005	250	400
	4	27992	40	400
	5	27993	40	400
	6	27994	40	400
	7	50000	60	400
	8	71094	20	400
	9	71001	20	400
	10	50513	8	400
	11	201207	5	400
	12	30505	1	220
	13	50255	30	400
	14	50256	20	400
	15	50257	10	400
	16	80050	1	140
	17	80051	1	140
	18	80052	1	140
	19	80053	1	140
	20	80054	1	140
	21	80055	1	140
	22	80019	6	400
	23	50099	2	400
	24	100500	1	160
	25	79011	6	400
	26	51000	6	400
	27	71051	2	40
	28	201000	4	16
	29	201200	3	400
	30	201201	2	400
	31	201202	1	400
	32	31150	3	400
	33	31151	3	400
	34	31152	3	400
	35	31153	3	400
	36	31154	3	400
	37	31155	3	400
}

Group Easter_boss_dungeon
{
	Type	drop
	Mob	61007
	1	80007	250	400
	2	80006	250	400
	3	80005	250	400
	4	27992	40	400
	5	27993	40	400
	6	27994	40	400
	7	50000	60	400
	8	71094	20	400
	9	71001	20	400
	10	50513	8	400
	11	201207	5	400
	12	50255	30	400
	13	50256	20	400
	14	50257	10	400
	15	80050	2	350
	16	80051	2	350
	17	80052	2	350
	18	80053	2	350
	19	80054	2	350
	20	80055	2	350
	21	80019	6	400
	22	50099	2	400
	23	100500	1	160
	24	79011	6	400
	25	51000	6	400
	26	71051	2	40
	27	201000	10	400
	28	201200	3	400
	29	201201	2	400
	30	201202	1	400
	31	201213	1	400
	32	201215	1	10
	33	52922	1	3
	34	31150	10	400
	35	31151	10	400
	36	31152	10	400
	37	31153	10	400
	38	31154	10	400
	39	31155	10	400
}

Group Dungeon_goblin
{
	Type	drop
	Mob	200200
	1	203008	1	400
	2	203008	1	50
	3	203008	1	30
}

Group Boss0_Mapa201
{
	Type	drop
	Mob	201004
	1	80007	250	400
	2	80006	250	400
	3	80005	250	400
	4	27992	5	400
	5	27993	5	400
	6	27994	5	400
	7	50000	15	400
	8	71094	4	400
	9	71001	4	400
	10	50513	4	400
	11	203025	1	400
	12	203016	1	260
	13	50255	15	400
	14	50256	10	400
	15	50257	5	400
	16	203028	1	40
	17	80019	3	400
	18	50099	1	400
	19	100500	1	160
	20	79011	6	400
	21	71016	1	12
	22	51000	3	400
	23	71051	2	12
	24	201000	1	8
	25	203004	1	4
	26	203005	1	4
	27	203006	1	4
	28	79016	1	4
	29	71052	1	6
	30	80007	250	400
	31	80006	250	400
	32	80005	250	400
	33	80007	150	400
	34	80006	150	400
	35	80005	150	400
}

Group Boss1_Mapa201
{
	Type	drop
	Mob	201005
	1	80007	260	400
	2	80006	260	400
	3	80005	260	400
	4	27992	5	400
	5	27993	5	400
	6	27994	5	400
	7	50000	15	400
	8	71094	4	400
	9	71001	4	400
	10	50513	4	400
	11	203026	1	400
	12	203017	1	260
	13	50255	15	400
	14	50256	10	400
	15	50257	5	400
	16	203028	1	40
	17	80019	3	400
	18	50099	1	400
	19	100500	1	160
	20	79011	6	400
	21	71016	1	12
	22	51000	3	400
	23	71051	2	12
	24	201000	1	8
	25	203004	1	4
	26	203005	1	4
	27	203006	1	4
	28	79016	1	4
	29	71052	1	6
	30	80007	250	400
	31	80006	250	400
	32	80005	250	400
	33	80007	150	400
	34	80006	150	400
	35	80005	150	400
}

Group Elitka_Mapa201
{
	Type	drop
	Mob	201006
	1	71094	20	400
	2	71001	20	400
	3	50513	20	400
	4	203020	1	200
	5	80008	1500	400
	6	90500	10	80
	7	51000	15	400
	8	80019	40	400
	9	203028	3	400
	10	25044	25	40
	11	71051	8	400
	12	27992	30	400
	13	27993	30	400
	14	27994	30	400
	15	79016	1	40
	16	71052	1	40
}

Group Legenda_swamp
{
	Type	limit
	level_limit	200
	Mob	201017
	1	80008	1000	400
	2	80008	1000	400
	3	80008	1000	400
	4	80008	1000	400
	5	80008	1000	400
	6	25045	4	400
	7	25045	4	400
	8	25045	4	400
	9	25045	4	400
	10	25045	4	400
	11	56053	1	14
	12	50259	8	400
	13	50259	8	400
	14	50259	8	400
	15	50259	8	400
	16	50259	8	400
	17	204010	2	400
	18	204010	2	400
	19	204010	2	400
	20	204010	2	400
	21	204010	2	400
	22	204010	2	400
	23	23000	1	60
	24	90029	1	80
	25	203020	1	400
	26	203020	1	400
	27	203020	1	400
	28	72348	5	400
	29	72348	5	400
	30	72348	5	400
	31	72348	5	400
	32	72348	5	400
	33	72349	5	400
	34	72349	5	400
	35	72349	5	400
	36	72349	5	400
	37	72349	5	400
	38	34000	1	64
	39	203012	1	15
	40	79016	1	200
	41	71052	1	400
}

Group Dungeon200
{
	Type	drop
	Mob	202230
	1	80007	360	400
	2	80007	360	400
	3	80006	440	400
	4	80006	440	400
	5	80005	480	400
	6	80005	480	400
	7	203031	22	400
	8	71051	2	50
	9	203021	2	400
	10	79016	2	4
	11	71052	2	8
	12	203020	2	20
}

Group Metin0_Mapa201
{
	Type	limit
	level_limit	200
	Mob	201008
	1	80007	250	400
	2	80006	250	400
	3	80005	250	400
	4	71094	1	240
	5	71001	1	240
	6	204010	1	30
	7	80457	1	200
	8	203019	1	260
	9	50000	1	400
	10	70005	1	20
	11	50097	1	180
	12	79010	1	160
	13	90029	1	0.01
	14	27992	3	60
	15	27993	3	60
	16	27994	3	60
	17	71051	2	12
	18	201000	1	8
	19	203000	1	40
	20	203004	1	4
	21	203005	1	4
	22	203006	1	4
	23	80456	1	150
	24	100300	1	100
}

Group Metin1_Mapa201
{
	Type	limit
	level_limit	200
	Mob	201009
	1	80007	250	400
	2	80006	250	400
	3	80005	250	400
	4	71094	1	240
	5	71001	1	240
	6	204010	1	30
	7	80457	1	200
	8	203018	1	260
	9	50000	1	400
	10	70005	1	20
	11	50097	1	180
	12	79010	1	160
	13	90029	1	0.01
	14	27992	3	60
	15	27993	3	60
	16	27994	3	60
	17	71051	2	12
	18	201000	1	8
	19	203000	1	40
	20	203004	1	4
	21	203005	1	4
	22	203006	1	4
	23	80456	1	150
	24	100300	1	100
}

Group Boss0_Mapa205
{
	Type	limit
	level_limit	200
	Mob	201014
	1	80007	250	400
	2	80006	250	400
	3	80005	250	400
	4	27992	5	400
	5	27993	5	400
	6	27994	5	400
	7	50000	15	400
	8	71094	4	400
	9	71001	4	400
	10	50513	4	400
	11	203025	1	400
	12	203016	1	260
	13	50255	15	400
	14	50256	10	400
	15	50257	5	400
	16	203028	1	40
	17	80019	3	400
	18	50099	1	400
	19	100500	1	160
	20	79011	6	400
	21	71016	1	12
	22	51000	3	400
	23	71051	2	12
	24	201000	1	8
	25	203004	1	4
	26	203005	1	4
	27	203006	1	4
	28	79016	1	4
	29	71052	1	6
	30	80007	250	400
	31	80006	250	400
	32	80005	250	400
	33	80007	150	400
	34	80006	150	400
	35	80005	150	400
}

Group Boss1_Mapa205
{
	Type	limit
	level_limit	200
	Mob	201015
	1	80007	260	400
	2	80006	260	400
	3	80005	260	400
	4	27992	5	400
	5	27993	5	400
	6	27994	5	400
	7	50000	15	400
	8	71094	4	400
	9	71001	4	400
	10	50513	4	400
	11	203026	1	400
	12	203017	1	260
	13	50255	15	400
	14	50256	10	400
	15	50257	5	400
	16	203028	1	40
	17	80019	3	400
	18	50099	1	400
	19	100500	1	160
	20	79011	6	400
	21	71016	1	12
	22	51000	3	400
	23	71051	2	12
	24	201000	1	8
	25	203004	1	4
	26	203005	1	4
	27	203006	1	4
	28	79016	1	4
	29	71052	1	6
	30	80007	250	400
	31	80006	250	400
	32	80005	250	400
	33	80007	150	400
	34	80006	150	400
	35	80005	150	400
}

Group Elitka_Mapa200
{
	Type	drop
	Mob	201016
	1	71094	6	400
	2	71094	6	400
	3	71094	6	400
	4	71094	6	400
	5	71094	6	400
	6	71001	6	400
	7	71001	6	400
	8	71001	6	400
	9	71001	6	400
	10	71001	6	400
	11	50513	6	400
	12	50513	6	400
	13	50513	6	400
	14	50513	6	400
	15	50513	6	400
	16	203020	1	400
	17	203020	1	400
	18	203020	1	200
	19	80008	200	400
	20	90500	4	80
	21	90500	4	80
	22	90500	4	80
	23	51000	8	400
	24	51000	8	400
	25	80019	15	400
	26	80019	15	400
	27	80019	15	400
	28	203028	3	400
	29	203028	3	400
	30	203028	3	400
	31	25044	20	40
	32	71051	4	400
	33	71051	4	400
	34	71051	4	400
	35	27992	30	400
	36	27993	30	400
	37	27994	30	400
}

Group Legenda_zaklety
{
	Type	limit
	level_limit	200
	Mob	201017
	1	80008	1000	400
	2	80008	1000	400
	3	80008	1000	400
	4	80008	1000	400
	5	80008	1000	400
	6	25045	4	400
	7	25045	4	400
	8	25045	4	400
	9	25045	4	400
	10	25045	4	400
	11	56053	1	14
	12	50259	8	400
	13	50259	8	400
	14	50259	8	400
	15	50259	8	400
	16	50259	8	400
	17	204010	2	400
	18	204010	2	400
	19	204010	2	400
	20	204010	2	400
	21	204010	2	400
	22	204010	2	400
	23	23000	1	60
	24	90029	1	80
	25	203020	1	400
	26	203020	1	400
	27	203020	1	400
	28	72348	5	400
	29	72348	5	400
	30	72348	5	400
	31	72348	5	400
	32	72348	5	400
	33	72349	5	400
	34	72349	5	400
	35	72349	5	400
	36	72349	5	400
	37	72349	5	400
	38	34000	1	64
	39	203012	1	15
	40	79016	1	200
	41	71052	1	400
}

Group Metin0_Mapa205
{
	Type	limit
	level_limit	200
	Mob	201018
	1	80007	50	400
	2	80006	50	400
	3	80005	50	400
	4	71094	1	240
	5	71001	1	240
	6	204010	1	30
	7	80457	1	200
	8	203019	1	260
	9	50000	1	400
	10	70005	1	20
	11	50097	1	180
	12	79010	1	160
	13	90029	1	0.01
	14	27992	3	60
	15	27993	3	60
	16	27994	3	60
	17	71051	2	12
	18	201000	1	8
	19	203000	1	40
	20	203004	1	4
	21	203005	1	4
	22	203006	1	4
	23	80456	1	150
	24	100300	1	100
}

Group Metin1_Mapa205
{
	Type	limit
	level_limit	200
	Mob	201019
	1	80007	50	400
	2	80006	50	400
	3	80005	50	400
	4	71094	1	240
	5	71001	1	240
	6	204010	1	30
	7	80457	1	200
	8	203018	1	260
	9	50000	1	400
	10	70005	1	20
	11	50097	1	180
	12	79010	1	160
	13	90029	1	0.01
	14	27992	3	60
	15	27993	3	60
	16	27994	3	60
	17	71051	2	12
	18	201000	1	8
	19	203000	1	40
	20	203004	1	4
	21	203005	1	4
	22	203006	1	4
	23	80456	1	150
	24	100300	1	100
}

Group Schopkadung2
{
	Type	drop
	Mob	201031
	1	80007	180	400
	2	80006	220	400
	3	80005	240	400
	4	90064	12	400
	5	71051	1	50
	6	90034	1	400
	7	80020	1	100
}

Group Schopkadung3
{
	Type	drop
	Mob	201032
	1	80007	180	400
	2	80006	220	400
	3	80005	240	400
	4	90064	12	400
	5	71051	1	50
	6	90034	1	400
	7	80020	1	100
}

Group Schopkadung4
{
	Type	drop
	Mob	201033
	1	80007	180	400
	2	80006	220	400
	3	80005	240	400
	4	90064	12	400
	5	71051	1	50
	6	90034	1	400
	7	80020	1	100
}

Group EsenceBaziny
{
	Type	drop
	Mob	201010
	1	203015	1	20
}

Group SummerStone_1
{
	Type	limit
	level_limit	90
	Mob	200306
	1	80007	21	400
	2	80006	21	400
	3	80005	24	400
	4	71094	2	140
	5	71001	2	140
	6	204004	1	40
	7	80454	1	280
	8	80461	1	400
	9	50000	2	400
	10	80451	1	120
	11	50097	1	80
	12	79010	1	120
	13	27992	2	70
	14	27993	2	70
	15	27994	2	70
	16	71051	2	12
	17	203000	1	20
	18	203004	2	4
	19	203005	2	4
	20	203006	2	4
	21	50513	1	160
	22	50098	1	400
	23	80460	1	400
	24	50255	1	400
	25	50256	1	400
	26	80050	1	280
	27	80019	1	280
	28	50099	1	240
	29	100300	1	80
	30	79011	1	400
	31	71016	1	12
	32	51000	1	120
	33	201222	1	400
}

Group SummerStone_2
{
	Type	limit
	level_limit	120 
	Mob	200307
	1	80007	39	400
	2	80006	31	400
	3	80005	22	400
	4	71094	2	160
	5	71001	2	160
	6	204005	1	40
	7	80454	1	200
	8	30519	1	320
	9	50000	4	400
	10	70005	1	20
	11	50097	1	100
	12	79010	1	128
	13	90029	1	0.01
	14	27992	2	60
	15	27993	2	60
	16	27994	2	60
	17	71051	2	12
	18	203000	1	20
	19	203004	2	4
	20	203005	2	4
	21	203006	2	4
	22	50513	1	400
	23	88091	1	400
	24	80450	1	280
	25	50255	4	400
	26	50256	2	400
	27	50257	1	400
	28	80051	1	280
	29	80019	1	280
	30	50099	1	280
	31	100300	1	160
	32	79011	2	400
	33	71016	1	12
	34	51000	1	320
	35	201222	1	400
}

Group SummerStone_3
{
	Type	limit
	level_limit	140 
	Mob	200308
	1	80007	90	400
	2	80006	88	400
	3	80005	90	400
	4	71094	3	200
	5	71001	3	200
	6	200043	1	120
	7	80455	1	200
	8	80459	1	320
	9	50000	6	400
	10	70005	1	20
	11	50097	1	120
	12	79010	1	136
	13	90029	1	0.01
	14	27992	4	60
	15	27993	4	60
	16	27994	4	60
	17	71051	4	12
	18	201000	2	8
	19	204005	1	40
	20	203000	1	20
	21	203004	2	4
	22	203005	2	4
	23	203006	2	4
	24	50513	2	400
	25	88093	1	400
	26	80458	1	220
	27	50255	6	400
	28	50256	4	400
	29	50257	2	400
	30	80052	1	280
	31	80019	2	400
	32	50099	1	320
	33	100300	1	80
	34	79011	3	400
	35	71016	1	12
	36	51000	1	400
	37	201222	1	400
}

Group SummerStone_4
{
	Type	limit
	level_limit	170 
	Mob	200309
	1	80007	124	400
	2	80006	121	400
	3	80005	122	400
	4	71094	4	220
	5	71001	4	220
	6	200044	1	120
	7	80456	1	200
	8	30512	1	320
	9	50000	9	400
	10	70005	1	20
	11	50097	1	160
	12	79010	1	144
	13	90029	1	0.01
	14	27992	5	60
	15	27993	5	60
	16	27994	5	60
	17	71051	4	12
	18	201000	2	8
	19	203000	1	20
	20	203004	2	4
	21	203005	2	4
	22	203006	2	4
	23	50513	3	400
	24	88095	1	400
	25	30502	1	220
	26	50255	10	400
	27	50256	6	400
	28	50257	3	400
	29	80053	1	280
	30	80019	2	400
	31	50099	1	400
	32	100300	1	160
	33	79011	4	400
	34	71016	1	12
	35	51000	2	400
	36	201222	1	400
}

Group SummerStone_5
{
	Type	limit
	level_limit	174
	Mob	200310
	1	80007	154	400
	2	80006	155	400
	3	80005	154	400
	4	71094	5	240
	5	71001	5	240
	6	204010	1	120
	7	80457	1	200
	8	30501	1	320
	9	50000	16	400
	10	70005	1	20
	11	50097	1	180
	12	79010	1	160
	13	90029	1	0.01
	14	27992	8	60
	15	27993	8	60
	16	27994	8	60
	17	71051	4	12
	18	201000	2	8
	19	203000	1	20
	20	203004	2	4
	21	203005	2	4
	22	203006	2	4
	23	80456	1	150
	24	50513	4	400
	25	88097	1	400
	26	30505	1	220
	27	50255	15	400
	28	50256	10	400
	29	50257	5	400
	30	80054	1	280
	31	80019	3	400
	32	50099	1	400
	33	100500	1	160
	34	79011	6	400
	35	71016	1	12
	36	51000	3	400
	37	201222	1	400
}

Group SummerStone_6
{
	Type	limit
	level_limit	200
	Mob	200311
	1	80007	200	400
	2	80006	200	400
	3	80005	200	400
	4	71094	5	240
	5	71001	2	240
	6	200048	1	30
	7	200049	1	30
	8	200050	1	30
	9	80457	1	200
	10	203019	1	220
	11	203018	1	220
	12	50000	8	400
	13	70005	1	20
	14	50097	1	180
	15	79010	1	160
	16	90029	1	0.01
	17	27992	8	60
	18	27993	8	60
	19	27994	8	60
	20	71051	5	12
	21	201000	2	8
	22	203000	1	40
	23	203004	2	4
	24	203005	2	4
	25	203006	2	4
	26	80456	1	150
	27	100300	1	100
	28	80007	250	400
	29	80006	250	400
	30	80005	250	400
	31	50513	4	400
	32	203025	1	400
	33	203016	1	220
	34	50255	15	400
	35	50256	10	400
	36	50257	5	400
	37	203028	1	40
	38	80019	3	400
	39	50099	1	400
	40	100500	1	160
	41	79011	6	400
	42	71016	1	12
	43	51000	3	400
	44	79016	1	4
	45	203026	1	400
	46	203017	1	220
	47	201222	1	400
	48	203015	1	220
}

Group SharkBossSummer
{
	Type	drop
	Mob	200305
	1	201222	3	200
	2	201222	3	200
	3	201222	3	200
	4	201222	3	200
	5	201222	3	200
	6	201222	3	200
	7	201222	3	200
	8	201222	3	200
	9	201222	3	200
	10	201222	3	200
}

Group WorldBossSummer
{
	Type	drop
	Mob	200312
	1	201222	10	400
	2	201222	10	400
	3	201222	10	400
	4	201222	10	400
	5	201222	10	400
	6	201222	10	400
	7	201222	10	400
	8	201222	10	400
	9	201222	10	400
	10	201222	10	400
	11	201222	10	400
	12	201222	10	400
	13	201222	10	400
	14	201222	10	400
	15	201222	10	400
	16	201222	10	400
	17	201222	10	400
	18	201222	10	400
	19	201222	10	400
	20	201222	10	400
	21	40391	1	1
	22	40392	1	1
	23	40393	1	1
	24	40394	1	1
	25	40395	1	1
	26	40396	1	1
	27	40397	1	1
	28	41754	1	1
	29	41755	1	1
	30	46050	1	1
	31	46051	1	1
	32	46050	1	1
	33	85567	1	1
	34	79016	1	2
	35	79016	1	2
	36	79016	1	2
	37	71052	1	3
	38	71052	1	3
	39	71052	1	3
	40	52940	1	1
	41	52938	1	1
	42	53927	1	1
	43	201221	1	5
	44	201221	1	5
	45	201221	1	5
	46	201232	1	5
	47	201232	1	5
	48	201232	1	5
	49	201223	10	20
	50	201223	10	20
	51	201223	10	20
	52	201223	10	20
}

Group SolargonSummer
{
	Type	drop
	Mob	200313
	1	201222	5	400
	2	40363	1	2
	3	40364	1	2
	4	40365	1	2
	5	40366	1	2
	6	40367	1	2
	7	40368	1	2
	8	40369	1	2
	9	41746	1	2
	10	41747	1	2
	11	46042	1	2
	12	46043	1	2
	13	85563	1	2
	14	52937	1	2
	15	201221	1	30
	16	201215	2	2
	17	80005	250	400
	18	80006	250	400
	19	80007	250	400
	20	80005	250	400
	21	80006	250	400
	22	80007	250	400
	23	80005	250	400
	24	80006	250	400
	25	80007	250	400
	26	80005	250	400
	27	80006	250	400
	28	80007	250	400
	29	201223	40	400
}

Group SharkBossSummerD
{
	Type	drop
	Mob	200317
	1	201222	3	200
	2	201222	3	200
	3	201222	3	200
	4	201222	3	200
	5	201222	3	200
	6	201222	3	200
	7	201222	3	200
	8	201222	3	200
	9	201222	3	200
	10	201222	3	200
}

Group AzraelSanctum
{
	Type	drop
	Mob	2598
	1	80007	40	400
	2	80006	50	400
	3	80005	60	400
	4	90060	22	400
	5	71051	2	50
	6	90030	2	400
	7	80020	2	100
}

Group Gorgon
{
	Type	drop
	Mob	202214
	1	80007	240	400
	2	80006	220	400
	3	80005	200	400
	4	80005	200	400
	5	90063	22	400
	6	71051	2	50
	7	90033	2	400
	8	80020	2	100
}

Group EmeraldDragon
{
	Type	drop
	Mob	202208
	1	80007	160	400
	2	80006	240	400
	3	80005	140	400
	4	80005	140	400
	5	90062	22	400
	6	71051	2	50
	7	90032	2	400
	8	80020	2	100
}

Group orc_dungeon_stone
{
	Type	limit
	level_limit	35
	Mob	202008
	1	80007	3	400
	2	80006	1	400
	3	80005	2	400
	4	71094	1	80
	5	71001	1	80
	6	80453	1	240
	7	30509	1	200
	8	50000	1	400
	9	203000	1	20
}

Group deviltower_stone_1
{
	Type	limit
	level_limit	75
	Mob	202009
	1	80007	7	400
	2	80006	7	400
	3	80005	8	400
	4	71094	1	140
	5	71001	1	140
	6	204004	1	40
	7	80454	1	280
	8	80461	1	400
	9	50000	1	400
	10	80451	1	120
	11	50097	1	80
	12	79010	1	120
	13	27992	1	60
	14	27993	1	60
	15	27994	1	60
	16	71051	1	12
	17	203000	1	20
	18	203004	1	4
	19	203005	1	4
	20	203006	1	4
}

Group deviltower_stone_2
{
	Type	limit
	level_limit	75
	Mob	202010
	1	80007	7	400
	2	80006	7	400
	3	80005	8	400
	4	71094	1	140
	5	71001	1	140
	6	204004	1	40
	7	80454	1	280
	8	80461	1	400
	9	50000	1	400
	10	80451	1	120
	11	50097	1	80
	12	79010	1	120
	13	27992	1	60
	14	27993	1	60
	15	27994	1	60
	16	71051	1	12
	17	203000	1	20
	18	203004	1	4
	19	203005	1	4
	20	203006	1	4
}

Group Hamza
{
	Type	drop
	Mob	201024
	1	80008	200	400
	2	80008	200	400
	3	80008	200	400
	4	80008	200	400
	5	80008	200	400
	6	25045	2	400
	7	25045	2	400
	8	25045	2	400
	9	25045	2	400
	10	25045	2	400
	11	50259	2	400
	12	50259	2	400
	13	50259	2	400
	14	50259	2	400
	15	50259	2	400
	16	50259	2	400
	17	50259	2	400
	18	50259	2	400
	19	50259	2	400
	20	50259	2	400
	21	200043	2	400
	22	200043	2	400
	23	200043	2	400
	24	200043	2	400
	25	200043	2	400
	26	23000	1	40
	27	23000	1	40
	28	23000	1	40
	29	23000	1	40
	30	23000	1	40
	31	23000	1	40
	32	90029	1	40
	33	90029	1	40
	34	90029	1	40
	35	90029	1	40
	36	80019	8	400
	37	80019	8	400
	38	80019	8	400
	39	80019	8	400
	40	80019	8	400
	41	90037	1	400
	42	90037	1	400
	43	90037	1	400
	44	90037	1	400
	45	90037	1	400
	46	90037	1	400
	47	90038	1	400
	48	90038	1	400
	49	90038	1	400
	50	90038	1	400
	51	90038	1	400
	52	90038	1	400
	53	72348	3	100
	54	72348	3	100
	55	72348	3	100
	56	72348	3	100
	57	72348	3	100
	58	72349	3	100
	59	72349	3	100
	60	72349	3	100
	61	72349	3	100
	62	72349	3	100
	63	34000	1	56
	64	34000	1	56
	65	34000	1	56
	66	27992	80	400
	67	27993	80	400
	68	27994	80	400
	69	203012	1	15
	70	91250	1	400
	71	91260	1	400
	72	91270	1	400
	73	90010	250	400
	74	90011	250	400
	75	90012	250	400
	76	90010	250	400
	77	90011	250	400
	78	90012	250	400
	79	90013	1	400
	80	90013	1	400
	81	90013	1	400
	82	90013	1	400
	83	90013	1	400
}