1	0	0	0	0	0	0	0	0	0	0	0	0	0	0	0	0	0	0	0	0	600	0	0	0	0	90
2	0	0	0	0	0	0	0	0	0	0	0	0	0	0	0	0	0	0	0	0	1200	0	0	0	0	90
3	0	0	0	0	0	0	0	0	0	0	0	0	0	0	0	0	0	0	0	0	2500	0	0	0	0	90
4	0	0	0	0	0	0	0	0	0	0	0	0	0	0	0	0	0	0	0	0	5000	0	0	0	0	90
5	0	0	0	0	0	0	0	0	0	0	0	0	0	0	0	0	0	0	0	0	10000	0	0	0	0	90
6	0	0	0	0	0	0	0	0	0	0	0	0	0	0	0	0	0	0	0	0	20000	0	0	0	0	80
7	30053	1	0	0	0	0	0	0	0	0	0	0	0	0	0	0	0	0	0	0	30000	0	0	0	0	70
8	30073	2	0	0	0	0	0	0	0	0	0	0	0	0	0	0	0	0	0	0	45000	0	0	0	0	60
9	30033	2	0	0	0	0	0	0	0	0	0	0	0	0	0	0	0	0	0	0	75000	0	0	0	0	50
10	0	0	0	0	0	0	0	0	0	0	0	0	0	0	0	0	0	0	0	0	1000	0	0	0	0	90
11	0	0	0	0	0	0	0	0	0	0	0	0	0	0	0	0	0	0	0	0	2000	0	0	0	0	90
12	0	0	0	0	0	0	0	0	0	0	0	0	0	0	0	0	0	0	0	0	4000	0	0	0	0	90
13	0	0	0	0	0	0	0	0	0	0	0	0	0	0	0	0	0	0	0	0	8000	0	0	0	0	90
14	30030	2	0	0	0	0	0	0	0	0	0	0	0	0	0	0	0	0	0	0	13000	0	0	0	0	90
15	30075	2	0	0	0	0	0	0	0	0	0	0	0	0	0	0	0	0	0	0	20000	0	0	0	0	80
16	30056	2	27799	1	0	0	0	0	0	0	0	0	0	0	0	0	0	0	0	0	40000	0	0	0	0	70
17	30022	2	27987	1	0	0	0	0	0	0	0	0	0	0	0	0	0	0	0	0	70000	0	0	0	0	60
18	30067	2	27987	1	0	0	0	0	0	0	0	0	0	0	0	0	0	0	0	0	120000	0	0	0	0	50
19	0	0	0	0	0	0	0	0	0	0	0	0	0	0	0	0	0	0	0	0	1200	10	2000	0	0	90
20	0	0	0	0	0	0	0	0	0	0	0	0	0	0	0	0	0	0	0	0	2500	100	0	0	0	90
21	0	0	0	0	0	0	0	0	0	0	0	0	0	0	0	0	0	0	0	0	5000	0	0	0	0	90
22	0	0	0	0	0	0	0	0	0	0	0	0	0	0	0	0	0	0	0	0	10000	0	0	0	0	90
23	30079	1	0	0	0	0	0	0	0	0	0	0	0	0	0	0	0	0	0	0	20000	0	0	0	0	90
24	30015	1	0	0	0	0	0	0	0	0	0	0	0	0	0	0	0	0	0	0	30000	0	0	0	0	80
25	30016	2	27992	1	0	0	0	0	0	0	0	0	0	0	0	0	0	0	0	0	45000	0	0	0	0	70
26	30089	2	27993	1	0	0	0	0	0	0	0	0	0	0	0	0	0	0	0	0	90000	0	0	0	0	60
27	30091	2	27994	1	0	0	0	0	0	0	0	0	0	0	0	0	0	0	0	0	150000	0	0	0	0	50
28	0	0	0	0	0	0	0	0	0	0	0	0	0	0	0	0	0	0	0	0	600	0	0	0	0	90
29	0	0	0	0	0	0	0	0	0	0	0	0	0	0	0	0	0	0	0	0	1200	0	0	0	0	90
30	0	0	0	0	0	0	0	0	0	0	0	0	0	0	0	0	0	0	0	0	2500	0	0	0	0	90
31	0	0	0	0	0	0	0	0	0	0	0	0	0	0	0	0	0	0	0	0	5000	0	0	0	0	90
32	0	0	0	0	0	0	0	0	0	0	0	0	0	0	0	0	0	0	0	0	10000	0	0	0	0	90
33	0	0	0	0	0	0	0	0	0	0	0	0	0	0	0	0	0	0	0	0	20000	0	0	0	0	80
34	30034	2	0	0	0	0	0	0	0	0	0	0	0	0	0	0	0	0	0	0	30000	0	0	0	0	70
35	30011	2	0	0	0	0	0	0	0	0	0	0	0	0	0	0	0	0	0	0	45000	0	0	0	0	60
36	30035	2	0	0	0	0	0	0	0	0	0	0	0	0	0	0	0	0	0	0	75000	0	0	0	0	50
37	0	0	0	0	0	0	0	0	0	0	0	0	0	0	0	0	0	0	0	0	1000	0	0	0	0	90
38	0	0	0	0	0	0	0	0	0	0	0	0	0	0	0	0	0	0	0	0	2000	0	0	0	0	90
39	0	0	0	0	0	0	0	0	0	0	0	0	0	0	0	0	0	0	0	0	4000	0	0	0	0	90
40	0	0	0	0	0	0	0	0	0	0	0	0	0	0	0	0	0	0	0	0	8000	0	0	0	0	90
41	0	0	0	0	0	0	0	0	0	0	0	0	0	0	0	0	0	0	0	0	13000	0	0	0	0	90
42	0	0	0	0	0	0	0	0	0	0	0	0	0	0	0	0	0	0	0	0	20000	0	0	0	0	80
43	0	0	0	1	0	0	0	0	0	0	0	0	0	0	0	0	0	0	0	0	40000	0	0	0	0	70
44	0	0	0	1	0	0	0	0	0	0	0	0	0	0	0	0	0	0	0	0	70000	0	0	0	0	60
45	0	0	0	1	0	0	0	0	0	0	0	0	0	0	0	0	0	0	0	0	120000	0	0	0	0	50
46	0	0	0	0	0	0	0	0	0	0	0	0	0	0	0	0	0	0	0	0	1200	0	0	0	0	90
47	0	0	0	0	0	0	0	0	0	0	0	0	0	0	0	0	0	0	0	0	2500	0	0	0	0	90
48	0	0	0	0	0	0	0	0	0	0	0	0	0	0	0	0	0	0	0	0	5000	0	0	0	0	90
49	0	0	0	0	0	0	0	0	0	0	0	0	0	0	0	0	0	0	0	0	10000	0	0	0	0	90
50	0	0	0	0	0	0	0	0	0	0	0	0	0	0	0	0	0	0	0	0	20000	0	0	0	0	90
51	0	0	0	0	0	0	0	0	0	0	0	0	0	0	0	0	0	0	0	0	30000	0	0	0	0	80
52	0	0	0	0	0	0	0	0	0	0	0	0	0	0	0	0	0	0	0	0	45000	0	0	0	0	70
53	0	0	0	0	0	0	0	0	0	0	0	0	0	0	0	0	0	0	0	0	90000	0	0	0	0	60
54	0	0	0	0	0	0	0	0	0	0	0	0	0	0	0	0	0	0	0	0	150000	0	0	0	0	50
55	0	0	0	0	0	0	0	0	0	0	0	0	0	0	0	0	0	0	0	0	600	0	0	0	0	90
56	0	0	0	0	0	0	0	0	0	0	0	0	0	0	0	0	0	0	0	0	1200	0	0	0	0	90
57	0	0	0	0	0	0	0	0	0	0	0	0	0	0	0	0	0	0	0	0	2500	0	0	0	0	90
58	0	0	0	0	0	0	0	0	0	0	0	0	0	0	0	0	0	0	0	0	5000	0	0	0	0	90
59	0	0	0	0	0	0	0	0	0	0	0	0	0	0	0	0	0	0	0	0	10000	0	0	0	0	90
60	0	0	0	0	0	0	0	0	0	0	0	0	0	0	0	0	0	0	0	0	20000	0	0	0	0	80
61	30070	2	0	0	0	0	0	0	0	0	0	0	0	0	0	0	0	0	0	0	30000	0	0	0	0	70
62	30072	2	0	0	0	0	0	0	0	0	0	0	0	0	0	0	0	0	0	0	45000	0	0	0	0	60
63	30017	2	0	0	0	0	0	0	0	0	0	0	0	0	0	0	0	0	0	0	75000	0	0	0	0	50
64	0	0	0	0	0	0	0	0	0	0	0	0	0	0	0	0	0	0	0	0	1000	0	0	0	0	90
65	0	0	0	0	0	0	0	0	0	0	0	0	0	0	0	0	0	0	0	0	2000	0	0	0	0	90
66	0	0	0	0	0	0	0	0	0	0	0	0	0	0	0	0	0	0	0	0	4000	0	0	0	0	90
67	0	0	0	0	0	0	0	0	0	0	0	0	0	0	0	0	0	0	0	0	8000	0	0	0	0	81
68	30041	1	0	0	0	0	0	0	0	0	0	0	0	0	0	0	0	0	0	0	13000	0	0	0	0	72
69	30008	2	0	0	0	0	0	0	0	0	0	0	0	0	0	0	0	0	0	0	20000	0	0	0	0	63
70	30057	1	27799	1	0	0	0	0	0	0	0	0	0	0	0	0	0	0	0	0	40000	0	0	0	0	54
71	30081	1	27987	1	0	0	0	0	0	0	0	0	0	0	0	0	0	0	0	0	70000	0	0	0	0	45
72	30077	2	27987	1	0	0	0	0	0	0	0	0	0	0	0	0	0	0	0	0	120000	0	0	0	0	36
73	0	0	0	0	0	0	0	0	0	0	0	0	0	0	0	0	0	0	0	0	1200	0	0	0	0	90
74	0	0	0	0	0	0	0	0	0	0	0	0	0	0	0	0	0	0	0	0	2500	0	0	0	0	81
75	0	0	0	0	0	0	0	0	0	0	0	0	0	0	0	0	0	0	0	0	5000	0	0	0	0	72
76	0	0	0	0	0	0	0	0	0	0	0	0	0	0	0	0	0	0	0	0	10000	0	0	0	0	63
77	30009	2	0	0	0	0	0	0	0	0	0	0	0	0	0	0	0	0	0	0	20000	0	0	0	0	54
78	30039	2	0	0	0	0	0	0	0	0	0	0	0	0	0	0	0	0	0	0	30000	0	0	0	0	45
79	30040	2	27992	1	0	0	0	0	0	0	0	0	0	0	0	0	0	0	0	0	45000	0	0	0	0	36
80	30048	2	27993	1	0	0	0	0	0	0	0	0	0	0	0	0	0	0	0	0	90000	0	0	0	0	27
81	30090	2	27994	1	0	0	0	0	0	0	0	0	0	0	0	0	0	0	0	0	150000	0	0	0	0	18
82	0	0	0	0	0	0	0	0	0	0	0	0	0	0	0	0	0	0	0	0	600	0	0	0	0	90
83	0	0	0	0	0	0	0	0	0	0	0	0	0	0	0	0	0	0	0	0	1200	0	0	0	0	90
84	0	0	0	0	0	0	0	0	0	0	0	0	0	0	0	0	0	0	0	0	2500	0	0	0	0	90
85	0	0	0	0	0	0	0	0	0	0	0	0	0	0	0	0	0	0	0	0	5000	0	0	0	0	90
86	0	0	0	0	0	0	0	0	0	0	0	0	0	0	0	0	0	0	0	0	10000	0	0	0	0	81
87	0	0	0	0	0	0	0	0	0	0	0	0	0	0	0	0	0	0	0	0	20000	0	0	0	0	63
88	30031	1	0	0	0	0	0	0	0	0	0	0	0	0	0	0	0	0	0	0	30000	0	0	0	0	54
89	30032	2	0	0	0	0	0	0	0	0	0	0	0	0	0	0	0	0	0	0	45000	0	0	0	0	45
90	30033	2	0	0	0	0	0	0	0	0	0	0	0	0	0	0	0	0	0	0	75000	0	0	0	0	36
91	0	0	0	0	0	0	0	0	0	0	0	0	0	0	0	0	0	0	0	0	1000	0	0	0	0	90
92	0	0	0	0	0	0	0	0	0	0	0	0	0	0	0	0	0	0	0	0	2000	0	0	0	0	90
93	0	0	0	0	0	0	0	0	0	0	0	0	0	0	0	0	0	0	0	0	4000	0	0	0	0	90
94	0	0	0	0	0	0	0	0	0	0	0	0	0	0	0	0	0	0	0	0	8000	0	0	0	0	81
95	30008	2	0	0	0	0	0	0	0	0	0	0	0	0	0	0	0	0	0	0	13000	0	0	0	0	72
96	30075	2	0	0	0	0	0	0	0	0	0	0	0	0	0	0	0	0	0	0	20000	0	0	0	0	63
97	30006	2	27799	1	0	0	0	0	0	0	0	0	0	0	0	0	0	0	0	0	40000	0	0	0	0	54
98	30022	1	27987	1	0	0	0	0	0	0	0	0	0	0	0	0	0	0	0	0	70000	0	0	0	0	45
99	30067	2	27987	1	0	0	0	0	0	0	0	0	0	0	0	0	0	0	0	0	120000	0	0	0	0	36
100	0	0	0	0	0	0	0	0	0	0	0	0	0	0	0	0	0	0	0	0	1200	0	0	0	0	90
101	0	0	0	0	0	0	0	0	0	0	0	0	0	0	0	0	0	0	0	0	2500	0	0	0	0	81
102	0	0	0	0	0	0	0	0	0	0	0	0	0	0	0	0	0	0	0	0	5000	0	0	0	0	72
103	0	0	0	0	0	0	0	0	0	0	0	0	0	0	0	0	0	0	0	0	10000	0	0	0	0	63
104	30079	1	0	0	0	0	0	0	0	0	0	0	0	0	0	0	0	0	0	0	20000	0	0	0	0	54
105	30015	1	0	0	0	0	0	0	0	0	0	0	0	0	0	0	0	0	0	0	30000	0	0	0	0	45
106	30086	2	27992	1	0	0	0	0	0	0	0	0	0	0	0	0	0	0	0	0	45000	0	0	0	0	36
107	30050	2	27993	1	0	0	0	0	0	0	0	0	0	0	0	0	0	0	0	0	90000	0	0	0	0	27
108	30091	2	27994	1	0	0	0	0	0	0	0	0	0	0	0	0	0	0	0	0	150000	0	0	0	0	18
109	0	0	0	0	0	0	0	0	0	0	0	0	0	0	0	0	0	0	0	0	600	0	0	0	0	90
110	0	0	0	0	0	0	0	0	0	0	0	0	0	0	0	0	0	0	0	0	1200	0	0	0	0	90
111	0	0	0	0	0	0	0	0	0	0	0	0	0	0	0	0	0	0	0	0	2500	0	0	0	0	90
112	0	0	0	0	0	0	0	0	0	0	0	0	0	0	0	0	0	0	0	0	5000	0	0	0	0	90
113	0	0	0	0	0	0	0	0	0	0	0	0	0	0	0	0	0	0	0	0	10000	0	0	0	0	81
114	0	0	0	0	0	0	0	0	0	0	0	0	0	0	0	0	0	0	0	0	20000	0	0	0	0	63
115	30071	2	0	0	0	0	0	0	0	0	0	0	0	0	0	0	0	0	0	0	30000	0	0	0	0	54
116	30018	2	0	0	0	0	0	0	0	0	0	0	0	0	0	0	0	0	0	0	45000	0	0	0	0	45
117	30017	2	0	0	0	0	0	0	0	0	0	0	0	0	0	0	0	0	0	0	75000	0	0	0	0	36
118	0	0	0	0	0	0	0	0	0	0	0	0	0	0	0	0	0	0	0	0	1000	0	0	0	0	90
119	0	0	0	0	0	0	0	0	0	0	0	0	0	0	0	0	0	0	0	0	2000	0	0	0	0	90
120	0	0	0	0	0	0	0	0	0	0	0	0	0	0	0	0	0	0	0	0	4000	0	0	0	0	90
121	0	0	0	0	0	0	0	0	0	0	0	0	0	0	0	0	0	0	0	0	8000	0	0	0	0	81
122	30005	2	0	0	0	0	0	0	0	0	0	0	0	0	0	0	0	0	0	0	13000	0	0	0	0	72
123	30076	2	0	0	0	0	0	0	0	0	0	0	0	0	0	0	0	0	0	0	20000	0	0	0	0	63
124	30051	1	27799	1	0	0	0	0	0	0	0	0	0	0	0	0	0	0	0	0	40000	0	0	0	0	54
125	30081	1	27987	1	0	0	0	0	0	0	0	0	0	0	0	0	0	0	0	0	70000	0	0	0	0	45
126	30047	2	27987	1	0	0	0	0	0	0	0	0	0	0	0	0	0	0	0	0	120000	0	0	0	0	36
127	0	0	0	0	0	0	0	0	0	0	0	0	0	0	0	0	0	0	0	0	1200	0	0	0	0	90
128	0	0	0	0	0	0	0	0	0	0	0	0	0	0	0	0	0	0	0	0	2500	0	0	0	0	81
129	0	0	0	0	0	0	0	0	0	0	0	0	0	0	0	0	0	0	0	0	5000	0	0	0	0	72
130	0	0	0	0	0	0	0	0	0	0	0	0	0	0	0	0	0	0	0	0	10000	0	0	0	0	63
131	30009	1	0	0	0	0	0	0	0	0	0	0	0	0	0	0	0	0	0	0	20000	0	0	0	0	54
132	30080	1	0	0	0	0	0	0	0	0	0	0	0	0	0	0	0	0	0	0	30000	0	0	0	0	45
133	30040	2	27992	1	0	0	0	0	0	0	0	0	0	0	0	0	0	0	0	0	45000	0	0	0	0	36
134	30049	2	27993	1	0	0	0	0	0	0	0	0	0	0	0	0	0	0	0	0	90000	0	0	0	0	27
135	30090	2	27994	1	0	0	0	0	0	0	0	0	0	0	0	0	0	0	0	0	150000	0	0	0	0	18
136	0	0	0	0	0	0	0	0	0	0	0	0	0	0	0	0	0	0	0	0	600	0	0	0	0	90
137	0	0	0	0	0	0	0	0	0	0	0	0	0	0	0	0	0	0	0	0	1200	0	0	0	0	90
138	0	0	0	0	0	0	0	0	0	0	0	0	0	0	0	0	0	0	0	0	2500	0	0	0	0	90
139	0	0	0	0	0	0	0	0	0	0	0	0	0	0	0	0	0	0	0	0	5000	0	0	0	0	90
140	0	0	0	0	0	0	0	0	0	0	0	0	0	0	0	0	0	0	0	0	10000	0	0	0	0	81
141	0	0	0	0	0	0	0	0	0	0	0	0	0	0	0	0	0	0	0	0	20000	0	0	0	0	63
142	30038	1	0	0	0	0	0	0	0	0	0	0	0	0	0	0	0	0	0	0	30000	0	0	0	0	54
143	30023	2	0	0	0	0	0	0	0	0	0	0	0	0	0	0	0	0	0	0	45000	0	0	0	0	45
144	30074	2	0	0	0	0	0	0	0	0	0	0	0	0	0	0	0	0	0	0	75000	0	0	0	0	36
145	0	0	0	0	0	0	0	0	0	0	0	0	0	0	0	0	0	0	0	0	1000	0	0	0	0	90
146	0	0	0	0	0	0	0	0	0	0	0	0	0	0	0	0	0	0	0	0	2000	0	0	0	0	90
147	0	0	0	0	0	0	0	0	0	0	0	0	0	0	0	0	0	0	0	0	4000	0	0	0	0	90
148	0	0	0	0	0	0	0	0	0	0	0	0	0	0	0	0	0	0	0	0	8000	0	0	0	0	81
149	30007	2	0	0	0	0	0	0	0	0	0	0	0	0	0	0	0	0	0	0	13000	0	0	0	0	72
150	30078	2	0	0	0	0	0	0	0	0	0	0	0	0	0	0	0	0	0	0	20000	0	0	0	0	63
151	30045	2	27799	1	0	0	0	0	0	0	0	0	0	0	0	0	0	0	0	0	40000	0	0	0	0	54
152	30055	2	27987	1	0	0	0	0	0	0	0	0	0	0	0	0	0	0	0	0	70000	0	0	0	0	45
153	30047	2	27987	1	0	0	0	0	0	0	0	0	0	0	0	0	0	0	0	0	120000	0	0	0	0	36
154	0	0	0	0	0	0	0	0	0	0	0	0	0	0	0	0	0	0	0	0	1200	0	0	0	0	90
155	0	0	0	0	0	0	0	0	0	0	0	0	0	0	0	0	0	0	0	0	2500	0	0	0	0	81
156	0	0	0	0	0	0	0	0	0	0	0	0	0	0	0	0	0	0	0	0	5000	0	0	0	0	72
157	0	0	0	0	0	0	0	0	0	0	0	0	0	0	0	0	0	0	0	0	10000	0	0	0	0	63
158	30059	2	0	0	0	0	0	0	0	0	0	0	0	0	0	0	0	0	0	0	20000	0	0	0	0	54
159	30080	2	0	0	0	0	0	0	0	0	0	0	0	0	0	0	0	0	0	0	30000	0	0	0	0	45
160	30085	2	27992	1	0	0	0	0	0	0	0	0	0	0	0	0	0	0	0	0	45000	0	0	0	0	36
161	30014	2	27993	1	0	0	0	0	0	0	0	0	0	0	0	0	0	0	0	0	90000	0	0	0	0	27
162	30042	2	27994	1	0	0	0	0	0	0	0	0	0	0	0	0	0	0	0	0	150000	0	0	0	0	18
163	0	0	0	0	0	0	0	0	0	0	0	0	0	0	0	0	0	0	0	0	600	0	0	0	0	90
164	0	0	0	0	0	0	0	0	0	0	0	0	0	0	0	0	0	0	0	0	1200	0	0	0	0	90
165	0	0	0	0	0	0	0	0	0	0	0	0	0	0	0	0	0	0	0	0	2500	0	0	0	0	90
166	0	0	0	0	0	0	0	0	0	0	0	0	0	0	0	0	0	0	0	0	5000	0	0	0	0	90
167	0	0	0	0	0	0	0	0	0	0	0	0	0	0	0	0	0	0	0	0	10000	0	0	0	0	81
168	0	0	0	0	0	0	0	0	0	0	0	0	0	0	0	0	0	0	0	0	20000	0	0	0	0	63
169	30010	2	0	0	0	0	0	0	0	0	0	0	0	0	0	0	0	0	0	0	30000	0	0	0	0	54
170	30031	1	0	0	0	0	0	0	0	0	0	0	0	0	0	0	0	0	0	0	45000	0	0	0	0	45
171	30032	2	0	0	0	0	0	0	0	0	0	0	0	0	0	0	0	0	0	0	75000	0	0	0	0	36
172	0	0	0	0	0	0	0	0	0	0	0	0	0	0	0	0	0	0	0	0	1000	0	0	0	0	90
173	0	0	0	0	0	0	0	0	0	0	0	0	0	0	0	0	0	0	0	0	2000	0	0	0	0	90
174	0	0	0	0	0	0	0	0	0	0	0	0	0	0	0	0	0	0	0	0	4000	0	0	0	0	90
175	0	0	0	0	0	0	0	0	0	0	0	0	0	0	0	0	0	0	0	0	8000	0	0	0	0	81
176	30021	2	0	0	0	0	0	0	0	0	0	0	0	0	0	0	0	0	0	0	13000	0	0	0	0	72
177	30008	2	0	0	0	0	0	0	0	0	0	0	0	0	0	0	0	0	0	0	20000	0	0	0	0	63
178	30057	2	27799	1	0	0	0	0	0	0	0	0	0	0	0	0	0	0	0	0	40000	0	0	0	0	54
179	30006	2	27987	1	0	0	0	0	0	0	0	0	0	0	0	0	0	0	0	0	70000	0	0	0	0	45
180	30022	2	27987	1	0	0	0	0	0	0	0	0	0	0	0	0	0	0	0	0	120000	0	0	0	0	36
181	0	0	0	0	0	0	0	0	0	0	0	0	0	0	0	0	0	0	0	0	1200	0	0	0	0	90
182	0	0	0	0	0	0	0	0	0	0	0	0	0	0	0	0	0	0	0	0	2500	0	0	0	0	81
183	0	0	0	0	0	0	0	0	0	0	0	0	0	0	0	0	0	0	0	0	5000	0	0	0	0	72
184	0	0	0	0	0	0	0	0	0	0	0	0	0	0	0	0	0	0	0	0	10000	0	0	0	0	63
185	30082	2	0	0	0	0	0	0	0	0	0	0	0	0	0	0	0	0	0	0	20000	0	0	0	0	54
186	30079	2	0	0	0	0	0	0	0	0	0	0	0	0	0	0	0	0	0	0	30000	0	0	0	0	45
187	30087	2	27992	1	0	0	0	0	0	0	0	0	0	0	0	0	0	0	0	0	45000	0	0	0	0	36
188	30086	2	27993	1	0	0	0	0	0	0	0	0	0	0	0	0	0	0	0	0	90000	0	0	0	0	27
189	30050	2	27994	1	0	0	0	0	0	0	0	0	0	0	0	0	0	0	0	0	150000	0	0	0	0	18
190	0	0	0	0	0	0	0	0	0	0	0	0	0	0	0	0	0	0	0	0	6000	100	0	0	0	90
191	0	0	0	0	0	0	0	0	0	0	0	0	0	0	0	0	0	0	0	0	12000	100	0	0	0	90
192	30082	1	0	0	0	0	0	0	0	0	0	0	0	0	0	0	0	0	0	0	25000	0	0	0	0	90
193	0	0	0	0	0	0	0	0	0	0	0	0	0	0	0	0	0	0	0	0	5000	0	0	0	0	90
194	0	0	0	0	0	0	0	0	0	0	0	0	0	0	0	0	0	0	0	0	10000	0	0	0	0	81
195	0	0	0	0	0	0	0	0	0	0	0	0	0	0	0	0	0	0	0	0	20000	0	0	0	0	63
196	30038	2	0	0	0	0	0	0	0	0	0	0	0	0	0	0	0	0	0	0	30000	0	0	0	0	54
197	30011	2	0	0	0	0	0	0	0	0	0	0	0	0	0	0	0	0	0	0	45000	0	0	0	0	45
198	30074	1	0	0	0	0	0	0	0	0	0	0	0	0	0	0	0	0	0	0	75000	0	0	0	0	36
199	0	0	0	0	0	0	0	0	0	0	0	0	0	0	0	0	0	0	0	0	1000	0	0	0	0	90
200	0	0	0	0	0	0	0	0	0	0	0	0	0	0	0	0	0	0	0	0	2000	0	0	0	0	90
201	0	0	0	0	0	0	0	0	0	0	0	0	0	0	0	0	0	0	0	0	4000	0	0	0	0	90
202	0	0	0	0	0	0	0	0	0	0	0	0	0	0	0	0	0	0	0	0	8000	0	0	0	0	81
203	30007	2	0	0	0	0	0	0	0	0	0	0	0	0	0	0	0	0	0	0	13000	0	0	0	0	72
204	30046	2	0	0	0	0	0	0	0	0	0	0	0	0	0	0	0	0	0	0	20000	0	0	0	0	63
205	30045	2	27799	1	0	0	0	0	0	0	0	0	0	0	0	0	0	0	0	0	40000	0	0	0	0	54
206	30055	2	27987	1	0	0	0	0	0	0	0	0	0	0	0	0	0	0	0	0	70000	0	0	0	0	45
207	30058	2	27987	1	0	0	0	0	0	0	0	0	0	0	0	0	0	0	0	0	120000	0	0	0	0	36
208	0	0	0	0	0	0	0	0	0	0	0	0	0	0	0	0	0	0	0	0	1200	0	0	0	0	90
209	0	0	0	0	0	0	0	0	0	0	0	0	0	0	0	0	0	0	0	0	2500	0	0	0	0	81
210	0	0	0	0	0	0	0	0	0	0	0	0	0	0	0	0	0	0	0	0	5000	0	0	0	0	72
211	0	0	0	0	0	0	0	0	0	0	0	0	0	0	0	0	0	0	0	0	10000	0	0	0	0	63
212	30059	2	0	0	0	0	0	0	0	0	0	0	0	0	0	0	0	0	0	0	20000	0	0	0	0	54
213	30060	2	0	0	0	0	0	0	0	0	0	0	0	0	0	0	0	0	0	0	30000	0	0	0	0	45
214	30061	2	27992	1	0	0	0	0	0	0	0	0	0	0	0	0	0	0	0	0	45000	0	0	0	0	36
215	30014	2	27993	1	0	0	0	0	0	0	0	0	0	0	0	0	0	0	0	0	90000	0	0	0	0	27
216	30042	2	27994	1	0	0	0	0	0	0	0	0	0	0	0	0	0	0	0	0	150000	0	0	0	0	18
217	0	0	0	0	0	0	0	0	0	0	0	0	0	0	0	0	0	0	0	0	600	0	0	0	0	90
218	0	0	0	0	0	0	0	0	0	0	0	0	0	0	0	0	0	0	0	0	1200	0	0	0	0	90
219	0	0	0	0	0	0	0	0	0	0	0	0	0	0	0	0	0	0	0	0	2500	0	0	0	0	90
220	0	0	0	0	0	0	0	0	0	0	0	0	0	0	0	0	0	0	0	0	5000	0	0	0	0	90
221	0	0	0	0	0	0	0	0	0	0	0	0	0	0	0	0	0	0	0	0	10000	0	0	0	0	81
222	0	0	0	0	0	0	0	0	0	0	0	0	0	0	0	0	0	0	0	0	20000	0	0	0	0	63
223	30071	2	0	0	0	0	0	0	0	0	0	0	0	0	0	0	0	0	0	0	30000	0	0	0	0	54
224	30023	1	0	0	0	0	0	0	0	0	0	0	0	0	0	0	0	0	0	0	45000	0	0	0	0	45
225	30074	2	0	0	0	0	0	0	0	0	0	0	0	0	0	0	0	0	0	0	75000	0	0	0	0	36
226	0	0	0	0	0	0	0	0	0	0	0	0	0	0	0	0	0	0	0	0	1000	0	0	0	0	96
227	0	0	0	0	0	0	0	0	0	0	0	0	0	0	0	0	0	0	0	0	2000	0	0	0	0	93
228	0	0	0	0	0	0	0	0	0	0	0	0	0	0	0	0	0	0	0	0	4000	0	0	0	0	90
229	0	0	0	0	0	0	0	0	0	0	0	0	0	0	0	0	0	0	0	0	8000	0	0	0	0	81
230	30005	1	0	0	0	0	0	0	0	0	0	0	0	0	0	0	0	0	0	0	13000	0	0	0	0	72
231	30078	1	0	0	0	0	0	0	0	0	0	0	0	0	0	0	0	0	0	0	20000	0	0	0	0	63
232	30051	1	27799	1	0	0	0	0	0	0	0	0	0	0	0	0	0	0	0	0	40000	0	0	0	0	54
233	30055	2	27987	1	0	0	0	0	0	0	0	0	0	0	0	0	0	0	0	0	70000	0	0	0	0	45
234	30047	2	27987	1	0	0	0	0	0	0	0	0	0	0	0	0	0	0	0	0	120000	0	0	0	0	36
235	0	0	0	0	0	0	0	0	0	0	0	0	0	0	0	0	0	0	0	0	1200	0	0	0	0	90
236	0	0	0	0	0	0	0	0	0	0	0	0	0	0	0	0	0	0	0	0	2500	0	0	0	0	81
237	0	0	0	0	0	0	0	0	0	0	0	0	0	0	0	0	0	0	0	0	5000	0	0	0	0	72
238	0	0	0	0	0	0	0	0	0	0	0	0	0	0	0	0	0	0	0	0	10000	0	0	0	0	63
239	30059	2	0	0	0	0	0	0	0	0	0	0	0	0	0	0	0	0	0	0	20000	0	0	0	0	54
240	30080	2	0	0	0	0	0	0	0	0	0	0	0	0	0	0	0	0	0	0	30000	0	0	0	0	45
241	30085	2	27992	1	0	0	0	0	0	0	0	0	0	0	0	0	0	0	0	0	45000	0	0	0	0	36
242	30049	2	27993	1	0	0	0	0	0	0	0	0	0	0	0	0	0	0	0	0	90000	0	0	0	0	27
243	30042	2	27994	1	0	0	0	0	0	0	0	0	0	0	0	0	0	0	0	0	150000	0	0	0	0	18
244	0	0	0	0	0	0	0	0	0	0	0	0	0	0	0	0	0	0	0	0	600	0	0	0	0	90
245	0	0	0	0	0	0	0	0	0	0	0	0	0	0	0	0	0	0	0	0	1200	0	0	0	0	90
246	0	0	0	0	0	0	0	0	0	0	0	0	0	0	0	0	0	0	0	0	2500	0	0	0	0	90
247	0	0	0	0	0	0	0	0	0	0	0	0	0	0	0	0	0	0	0	0	5000	0	0	0	0	90
248	0	0	0	0	0	0	0	0	0	0	0	0	0	0	0	0	0	0	0	0	10000	0	0	0	0	81
249	0	0	0	0	0	0	0	0	0	0	0	0	0	0	0	0	0	0	0	0	20000	0	0	0	0	63
250	30070	2	0	0	0	0	0	0	0	0	0	0	0	0	0	0	0	0	0	0	30000	0	0	0	0	54
251	30018	2	0	0	0	0	0	0	0	0	0	0	0	0	0	0	0	0	0	0	45000	0	0	0	0	45
252	30017	2	0	0	0	0	0	0	0	0	0	0	0	0	0	0	0	0	0	0	75000	0	0	0	0	36
253	0	0	0	0	0	0	0	0	0	0	0	0	0	0	0	0	0	0	0	0	1000	0	0	0	0	90
254	0	0	0	0	0	0	0	0	0	0	0	0	0	0	0	0	0	0	0	0	2000	0	0	0	0	90
255	0	0	0	0	0	0	0	0	0	0	0	0	0	0	0	0	0	0	0	0	4000	0	0	0	0	90
256	0	0	0	0	0	0	0	0	0	0	0	0	0	0	0	0	0	0	0	0	8000	0	0	0	0	81
257	30041	2	0	0	0	0	0	0	0	0	0	0	0	0	0	0	0	0	0	0	13000	0	0	0	0	72
258	30076	2	0	0	0	0	0	0	0	0	0	0	0	0	0	0	0	0	0	0	20000	0	0	0	0	63
259	30051	2	27799	1	0	0	0	0	0	0	0	0	0	0	0	0	0	0	0	0	40000	0	0	0	0	54
260	30081	2	27987	1	0	0	0	0	0	0	0	0	0	0	0	0	0	0	0	0	70000	0	0	0	0	45
261	30077	2	27987	1	0	0	0	0	0	0	0	0	0	0	0	0	0	0	0	0	120000	0	0	0	0	36
262	0	0	0	0	0	0	0	0	0	0	0	0	0	0	0	0	0	0	0	0	1200	0	0	0	0	90
263	0	0	0	0	0	0	0	0	0	0	0	0	0	0	0	0	0	0	0	0	2500	0	0	0	0	81
264	0	0	0	0	0	0	0	0	0	0	0	0	0	0	0	0	0	0	0	0	5000	0	0	0	0	72
265	0	0	0	0	0	0	0	0	0	0	0	0	0	0	0	0	0	0	0	0	10000	0	0	0	0	63
266	30009	2	0	0	0	0	0	0	0	0	0	0	0	0	0	0	0	0	0	0	20000	0	0	0	0	54
267	30039	2	0	0	0	0	0	0	0	0	0	0	0	0	0	0	0	0	0	0	30000	0	0	0	0	45
268	30040	2	27992	1	0	0	0	0	0	0	0	0	0	0	0	0	0	0	0	0	45000	0	0	0	0	36
269	30048	2	27993	1	0	0	0	0	0	0	0	0	0	0	0	0	0	0	0	0	90000	0	0	0	0	27
270	30090	2	27994	1	0	0	0	0	0	0	0	0	0	0	0	0	0	0	0	0	150000	0	0	0	0	18
271	0	0	0	0	0	0	0	0	0	0	0	0	0	0	0	0	0	0	0	0	600	0	0	0	0	90
272	0	0	0	0	0	0	0	0	0	0	0	0	0	0	0	0	0	0	0	0	1200	0	0	0	0	90
273	0	0	0	0	0	0	0	0	0	0	0	0	0	0	0	0	0	0	0	0	2500	0	0	0	0	90
274	0	0	0	0	0	0	0	0	0	0	0	0	0	0	0	0	0	0	0	0	5000	0	0	0	0	90
275	0	0	0	0	0	0	0	0	0	0	0	0	0	0	0	0	0	0	0	0	10000	0	0	0	0	81
276	0	0	0	0	0	0	0	0	0	0	0	0	0	0	0	0	0	0	0	0	20000	0	0	0	0	63
277	30010	1	0	0	0	0	0	0	0	0	0	0	0	0	0	0	0	0	0	0	30000	0	0	0	0	54
278	30072	2	0	0	0	0	0	0	0	0	0	0	0	0	0	0	0	0	0	0	45000	0	0	0	0	45
279	30032	1	0	0	0	0	0	0	0	0	0	0	0	0	0	0	0	0	0	0	75000	0	0	0	0	36
280	0	0	0	0	0	0	0	0	0	0	0	0	0	0	0	0	0	0	0	0	1000	0	0	0	0	90
281	0	0	0	0	0	0	0	0	0	0	0	0	0	0	0	0	0	0	0	0	2000	0	0	0	0	90
282	0	0	0	0	0	0	0	0	0	0	0	0	0	0	0	0	0	0	0	0	4000	0	0	0	0	90
283	0	0	0	0	0	0	0	0	0	0	0	0	0	0	0	0	0	0	0	0	8000	0	0	0	0	81
284	30021	1	0	0	0	0	0	0	0	0	0	0	0	0	0	0	0	0	0	0	13000	0	0	0	0	72
285	30008	1	0	0	0	0	0	0	0	0	0	0	0	0	0	0	0	0	0	0	20000	0	0	0	0	63
286	30057	1	27799	1	0	0	0	0	0	0	0	0	0	0	0	0	0	0	0	0	40000	0	0	0	0	54
287	30006	2	27987	1	0	0	0	0	0	0	0	0	0	0	0	0	0	0	0	0	70000	0	0	0	0	45
288	30077	2	27987	1	0	0	0	0	0	0	0	0	0	0	0	0	0	0	0	0	120000	0	0	0	0	36
289	0	0	0	0	0	0	0	0	0	0	0	0	0	0	0	0	0	0	0	0	1200	0	0	0	0	90
290	0	0	0	0	0	0	0	0	0	0	0	0	0	0	0	0	0	0	0	0	2500	0	0	0	0	81
291	0	0	0	0	0	0	0	0	0	0	0	0	0	0	0	0	0	0	0	0	5000	0	0	0	0	72
292	0	0	0	0	0	0	0	0	0	0	0	0	0	0	0	0	0	0	0	0	10000	0	0	0	0	63
293	30082	2	0	0	0	0	0	0	0	0	0	0	0	0	0	0	0	0	0	0	20000	0	0	0	0	54
294	30039	2	0	0	0	0	0	0	0	0	0	0	0	0	0	0	0	0	0	0	30000	0	0	0	0	45
295	30087	2	27992	1	0	0	0	0	0	0	0	0	0	0	0	0	0	0	0	0	45000	0	0	0	0	36
296	30086	2	27993	1	0	0	0	0	0	0	0	0	0	0	0	0	0	0	0	0	90000	0	0	0	0	27
297	30050	2	27994	1	0	0	0	0	0	0	0	0	0	0	0	0	0	0	0	0	150000	0	0	0	0	18
298	0	0	0	0	0	0	0	0	0	0	0	0	0	0	0	0	0	0	0	0	600	0	0	0	0	90
299	0	0	0	0	0	0	0	0	0	0	0	0	0	0	0	0	0	0	0	0	1200	0	0	0	0	90
300	0	0	0	0	0	0	0	0	0	0	0	0	0	0	0	0	0	0	0	0	2500	0	0	0	0	90
301	0	0	0	0	0	0	0	0	0	0	0	0	0	0	0	0	0	0	0	0	5000	0	0	0	0	90
302	0	0	0	0	0	0	0	0	0	0	0	0	0	0	0	0	0	0	0	0	10000	0	0	0	0	81
303	0	0	0	0	0	0	0	0	0	0	0	0	0	0	0	0	0	0	0	0	20000	0	0	0	0	63
304	30053	1	0	0	0	0	0	0	0	0	0	0	0	0	0	0	0	0	0	0	30000	0	0	0	0	54
305	30073	1	0	0	0	0	0	0	0	0	0	0	0	0	0	0	0	0	0	0	45000	0	0	0	0	45
306	30035	2	0	0	0	0	0	0	0	0	0	0	0	0	0	0	0	0	0	0	75000	0	0	0	0	36
307	0	0	0	0	0	0	0	0	0	0	0	0	0	0	0	0	0	0	0	0	1000	0	0	0	0	90
308	0	0	0	0	0	0	0	0	0	0	0	0	0	0	0	0	0	0	0	0	2000	0	0	0	0	90
309	0	0	0	0	0	0	0	0	0	0	0	0	0	0	0	0	0	0	0	0	4000	0	0	0	0	90
310	0	0	0	0	0	0	0	0	0	0	0	0	0	0	0	0	0	0	0	0	8000	0	0	0	0	81
311	30030	2	0	0	0	0	0	0	0	0	0	0	0	0	0	0	0	0	0	0	13000	0	0	0	0	72
312	30075	2	0	0	0	0	0	0	0	0	0	0	0	0	0	0	0	0	0	0	20000	0	0	0	0	63
313	30056	2	27799	1	0	0	0	0	0	0	0	0	0	0	0	0	0	0	0	0	40000	0	0	0	0	54
314	30025	2	27987	1	0	0	0	0	0	0	0	0	0	0	0	0	0	0	0	0	70000	0	0	0	0	45
315	30067	2	27987	1	0	0	0	0	0	0	0	0	0	0	0	0	0	0	0	0	120000	0	0	0	0	36
316	0	0	0	0	0	0	0	0	0	0	0	0	0	0	0	0	0	0	0	0	1200	0	0	0	0	90
317	0	0	0	0	0	0	0	0	0	0	0	0	0	0	0	0	0	0	0	0	2500	0	0	0	0	81
318	0	0	0	0	0	0	0	0	0	0	0	0	0	0	0	0	0	0	0	0	5000	0	0	0	0	72
319	0	0	0	0	0	0	0	0	0	0	0	0	0	0	0	0	0	0	0	0	10000	0	0	0	0	63
320	30083	2	0	0	0	0	0	0	0	0	0	0	0	0	0	0	0	0	0	0	20000	0	0	0	0	54
321	30015	2	0	0	0	0	0	0	0	0	0	0	0	0	0	0	0	0	0	0	30000	0	0	0	0	45
322	30016	2	27992	1	0	0	0	0	0	0	0	0	0	0	0	0	0	0	0	0	45000	0	0	0	0	36
323	30089	2	27993	1	0	0	0	0	0	0	0	0	0	0	0	0	0	0	0	0	90000	0	0	0	0	27
324	30019	2	27994	1	0	0	0	0	0	0	0	0	0	0	0	0	0	0	0	0	150000	0	0	0	0	18
325	0	0	0	0	0	0	0	0	0	0	0	0	0	0	0	0	0	0	0	0	600	0	0	0	0	90
326	0	0	0	0	0	0	0	0	0	0	0	0	0	0	0	0	0	0	0	0	1200	0	0	0	0	90
327	0	0	0	0	0	0	0	0	0	0	0	0	0	0	0	0	0	0	0	0	2500	0	0	0	0	90
328	0	0	0	0	0	0	0	0	0	0	0	0	0	0	0	0	0	0	0	0	5000	0	0	0	0	90
329	0	0	0	0	0	0	0	0	0	0	0	0	0	0	0	0	0	0	0	0	10000	0	0	0	0	81
330	0	0	0	0	0	0	0	0	0	0	0	0	0	0	0	0	0	0	0	0	20000	0	0	0	0	63
331	30034	2	0	0	0	0	0	0	0	0	0	0	0	0	0	0	0	0	0	0	30000	0	0	0	0	54
332	30073	2	0	0	0	0	0	0	0	0	0	0	0	0	0	0	0	0	0	0	45000	0	0	0	0	45
333	30035	2	0	0	0	0	0	0	0	0	0	0	0	0	0	0	0	0	0	0	75000	0	0	0	0	36
334	0	0	0	0	0	0	0	0	0	0	0	0	0	0	0	0	0	0	0	0	1000	0	0	0	0	90
335	0	0	0	0	0	0	0	0	0	0	0	0	0	0	0	0	0	0	0	0	2000	0	0	0	0	90
336	0	0	0	0	0	0	0	0	0	0	0	0	0	0	0	0	0	0	0	0	4000	0	0	0	0	90
337	0	0	0	0	0	0	0	0	0	0	0	0	0	0	0	0	0	0	0	0	8000	0	0	0	0	81
338	30052	2	0	0	0	0	0	0	0	0	0	0	0	0	0	0	0	0	0	0	13000	0	0	0	0	72
339	30046	2	0	0	0	0	0	0	0	0	0	0	0	0	0	0	0	0	0	0	20000	0	0	0	0	63
340	30056	2	27799	1	0	0	0	0	0	0	0	0	0	0	0	0	0	0	0	0	40000	0	0	0	0	54
341	30025	2	27987	1	0	0	0	0	0	0	0	0	0	0	0	0	0	0	0	0	70000	0	0	0	0	45
342	30058	2	27987	1	0	0	0	0	0	0	0	0	0	0	0	0	0	0	0	0	120000	0	0	0	0	36
343	0	0	0	0	0	0	0	0	0	0	0	0	0	0	0	0	0	0	0	0	1200	0	0	0	0	90
344	0	0	0	0	0	0	0	0	0	0	0	0	0	0	0	0	0	0	0	0	2500	0	0	0	0	81
345	0	0	0	0	0	0	0	0	0	0	0	0	0	0	0	0	0	0	0	0	5000	0	0	0	0	72
346	0	0	0	0	0	0	0	0	0	0	0	0	0	0	0	0	0	0	0	0	10000	0	0	0	0	63
347	30083	2	0	0	0	0	0	0	0	0	0	0	0	0	0	0	0	0	0	0	20000	0	0	0	0	54
348	30060	2	0	0	0	0	0	0	0	0	0	0	0	0	0	0	0	0	0	0	30000	0	0	0	0	45
349	30061	2	30193	2	0	0	0	0	0	0	0	0	0	0	0	0	0	0	0	0	45000	0	0	0	0	36
350	30088	2	30193	4	0	0	0	0	0	0	0	0	0	0	0	0	0	0	0	0	90000	0	0	0	0	27
351	30019	2	30193	6	0	0	0	0	0	0	0	0	0	0	0	0	0	0	0	0	150000	0	0	0	0	18
352	0	0	0	0	0	0	0	0	0	0	0	0	0	0	0	0	0	0	0	0	3000	0	0	0	0	90
353	0	0	0	0	0	0	0	0	0	0	0	0	0	0	0	0	0	0	0	0	6000	0	0	0	0	90
354	0	0	0	0	0	0	0	0	0	0	0	0	0	0	0	0	0	0	0	0	12000	0	0	0	0	90
355	0	0	0	0	0	0	0	0	0	0	0	0	0	0	0	0	0	0	0	0	25000	0	0	0	0	81
356	0	0	0	0	0	0	0	0	0	0	0	0	0	0	0	0	0	0	0	0	40000	0	0	0	0	72
357	0	0	0	0	0	0	0	0	0	0	0	0	0	0	0	0	0	0	0	0	60000	0	0	0	0	63
358	0	0	0	0	0	0	0	0	0	0	0	0	0	0	0	0	0	0	0	0	90000	0	0	0	0	54
359	0	0	0	0	0	0	0	0	0	0	0	0	0	0	0	0	0	0	0	0	120000	0	0	0	0	45
360	0	0	0	0	0	0	0	0	0	0	0	0	0	0	0	0	0	0	0	0	150000	0	0	0	0	36
400	71001	400	71094	400	50513	400	201000	800	51001	40	28961	2000	90037	10	90038	10	0	0	0	0	0	100	10000	0	0	40
401	71001	600	71094	600	50513	600	201000	1000	51001	50	28961	2500	90039	10	90040	10	0	0	0	0	0	120	12000	0	0	40
402	71001	800	71094	800	50513	800	80055	50	201000	1200	28961	3000	90029	1	34000	1	0	0	0	0	0	150	15000	0	0	50
403	90029	8	71001	300	71094	300	50513	300	80055	20	90500	175	51000	175	50259	200	0	0	0	0	0	200	15000	0	0	60
404	90029	8	71001	350	71094	350	50513	350	80055	25	90500	200	51000	200	50259	250	34000	1	0	0	0	300	20000	0	0	60
410	71001	40	71094	40	90500	15	51000	25	50513	40	51001	5	0	0	0	0	0	0	0	0	0	10	1200	0	0	50
412	71001	55	71094	55	90500	20	51000	35	50513	55	51001	5	0	0	0	0	0	0	0	0	0	20	1500	0	0	50
413	71001	70	71094	70	90500	25	51000	45	50513	70	51001	10	0	0	0	0	0	0	0	0	0	30	1800	0	0	50
414	71001	85	71094	85	90500	30	51000	55	50513	85	51001	10	0	0	0	0	0	0	0	0	0	40	2200	0	0	50
415	71001	100	71094	100	90500	35	51000	65	50513	100	51001	15	0	0	0	0	0	0	0	0	0	50	2500	0	0	50
416	71001	125	71094	125	90500	40	51000	75	50513	125	51001	15	0	0	0	0	0	0	0	0	0	50	3000	0	0	50
417	71001	150	71094	150	90500	45	51000	85	50513	150	51001	20	0	0	0	0	0	0	0	0	0	50	3500	0	0	50
418	71001	175	71094	175	90500	50	51000	95	50513	175	51001	20	0	0	0	0	0	0	0	0	0	50	4000	0	0	50
419	71001	200	71094	200	90500	55	51000	105	50513	200	51001	25	34000	1	0	0	0	0	0	0	0	50	4000	0	0	70
501	25040	2	70031	1	0	0	0	0	0	0	0	0	0	0	0	0	0	0	0	0	100000	0	0	0	0	100
502	0	0	0	0	0	0	0	0	0	0	0	0	0	0	0	0	0	0	0	0	120000	0	0	0	0	90
503	0	0	0	0	0	0	0	0	0	0	0	0	0	0	0	0	0	0	0	0	140000	0	0	0	0	90
504	0	0	0	0	0	0	0	0	0	0	0	0	0	0	0	0	0	0	0	0	170000	0	0	0	0	81
505	0	0	0	0	0	0	0	0	0	0	0	0	0	0	0	0	0	0	0	0	200000	0	0	0	0	72
506	0	0	0	0	0	0	0	0	0	0	0	0	0	0	0	0	0	0	0	0	240000	0	0	0	0	63
507	30050	2	0	0	0	0	0	0	0	0	0	0	0	0	0	0	0	0	0	0	290000	0	0	0	0	54
508	30083	2	27992	1	0	0	0	0	0	0	0	0	0	0	0	0	0	0	0	0	340000	0	0	0	0	45
509	30040	2	27993	1	0	0	0	0	0	0	0	0	0	0	0	0	0	0	0	0	410000	0	0	0	0	36
510	30089	2	27994	1	0	0	0	0	0	0	0	0	0	0	0	0	0	0	0	0	500000	0	0	0	0	36
531	0	0	0	0	0	0	0	0	0	0	0	0	0	0	0	0	0	0	0	0	7500	0	0	0	0	90
532	0	0	0	0	0	0	0	0	0	0	0	0	0	0	0	0	0	0	0	0	15000	0	0	0	0	81
533	0	0	0	0	0	0	0	0	0	0	0	0	0	0	0	0	0	0	0	0	25000	0	0	0	0	72
534	30196	2	0	0	0	0	0	0	0	0	0	0	0	0	0	0	0	0	0	0	40000	0	0	0	0	63
535	30090	3	0	0	0	0	0	0	0	0	0	0	0	0	0	0	0	0	0	0	65000	0	0	0	0	54
536	30195	2	0	0	0	0	0	0	0	0	0	0	0	0	0	0	0	0	0	0	90000	0	0	0	0	45
537	30197	4	27992	1	0	0	0	0	0	0	0	0	0	0	0	0	0	0	0	0	120000	0	0	0	0	36
538	30198	2	27993	1	0	0	0	0	0	0	0	0	0	0	0	0	0	0	0	0	150000	0	0	0	0	27
539	30199	2	27994	1	0	0	0	0	0	0	0	0	0	0	0	0	0	0	0	0	200000	0	0	0	0	18
550	80460	25	80461	50	90030	30	201000	10	50099	50	28961	150	0	0	0	0	0	0	0	0	0	5	1000	0	0	40
551	80450	25	30519	50	90031	30	90037	1	201000	30	50099	100	28961	250	0	0	0	0	0	0	0	10	3000	0	0	40
552	80458	25	80459	75	90032	50	90038	1	201000	75	50099	125	28961	300	0	0	0	0	0	0	0	25	5000	0	0	40
553	30502	25	30512	75	90033	50	90039	1	201000	100	50099	150	28961	350	0	0	0	0	0	0	0	40	7000	0	0	40
554	30505	25	30501	75	90034	50	90040	1	201000	125	50099	200	28961	500	34000	1	0	0	0	0	0	45	10000	0	0	50
555	90035	3	90036	3	201000	150	50099	200	28961	500	0	0	0	0	0	0	0	0	0	0	0	50	4000	0	0	50
556	90035	4	90036	4	201000	200	50099	250	28961	550	0	0	0	0	0	0	0	0	0	0	0	60	5000	0	0	50
557	90035	6	90036	6	201000	250	50099	300	28961	600	0	0	0	0	0	0	0	0	0	0	0	80	6000	0	0	50
558	90035	10	90036	10	201000	300	50099	500	28961	650	0	0	0	0	0	0	0	0	0	0	0	100	8000	0	0	50
598	201001	1	50640	2	0	0	0	0	0	0	0	0	0	0	0	0	0	0	0	0	10000000	0	0	0	0	100
599	50640	2	0	0	0	0	0	0	0	0	0	0	0	0	0	0	0	0	0	0	100000000	0	0	0	0	100
600	27992	1	30509	1	0	0	0	0	0	0	0	0	0	0	0	0	0	0	0	0	10000000	0	0	0	0	100
601	27993	1	30509	1	30508	1	0	0	0	0	0	0	0	0	0	0	0	0	0	0	20000000	0	0	0	0	95
602	27994	1	30509	2	30508	1	0	0	0	0	0	0	0	0	0	0	0	0	0	0	30000000	0	0	0	0	90
603	27992	2	30509	2	30508	1	0	0	0	0	0	0	0	0	0	0	0	0	0	0	40000000	0	0	0	0	85
604	27993	2	30509	3	30508	1	0	0	0	0	0	0	0	0	0	0	0	0	0	0	50000000	0	0	0	0	80
605	27994	2	30509	3	30508	2	0	0	0	0	0	0	0	0	0	0	0	0	0	0	50000000	0	0	0	0	75
606	27992	3	30509	4	30508	2	0	0	0	0	0	0	0	0	0	0	0	0	0	0	60000000	0	0	0	0	70
607	27993	3	30509	5	30508	3	201002	1	0	0	0	0	0	0	0	0	0	0	0	0	70000000	0	0	0	0	70
608	27994	3	30509	6	30508	4	201002	1	0	0	0	0	0	0	0	0	0	0	0	0	80000000	0	0	0	0	65
609	27994	3	30509	15	30508	10	201002	3	0	0	0	0	0	0	0	0	0	0	0	0	80000000	0	0	0	0	60
610	201001	1	0	0	0	0	0	0	0	0	0	0	0	0	0	0	0	0	0	0	100000000	0	0	0	0	100
611	201000	1	80461	1	80460	1	0	0	0	0	0	0	0	0	0	0	0	0	0	0	30000000	0	0	0	0	100
612	201000	1	80461	2	80460	1	0	0	0	0	0	0	0	0	0	0	0	0	0	0	30000000	0	0	0	0	95
613	201000	1	80461	2	80460	1	90030	1	0	0	0	0	0	0	0	0	0	0	0	0	40000000	0	0	0	0	90
614	201000	1	80461	3	80460	2	90030	1	0	0	0	0	0	0	0	0	0	0	0	0	50000000	0	0	0	0	85
615	201000	1	80461	3	80460	2	90030	2	0	0	0	0	0	0	0	0	0	0	0	0	60000000	0	0	0	0	80
616	201000	2	80461	5	80460	3	90030	2	0	0	0	0	0	0	0	0	0	0	0	0	70000000	0	0	0	0	75
617	201000	2	80461	6	80460	4	90030	3	0	0	0	0	0	0	0	0	0	0	0	0	80000000	0	0	0	0	70
618	201000	2	80461	7	80460	5	90030	3	0	0	0	0	0	0	0	0	0	0	0	0	90000000	0	0	0	0	65
619	201000	2	80461	8	80460	6	90030	4	0	0	0	0	0	0	0	0	0	0	0	0	100000000	0	0	0	0	60
620	201001	1	50641	2	0	0	0	0	0	0	0	0	0	0	0	0	0	0	0	0	120000000	0	0	0	0	100
621	201000	1	30519	1	80450	1	0	0	0	0	0	0	0	0	0	0	0	0	0	0	70000000	0	0	0	0	100
622	201000	1	30519	2	80450	1	90031	1	0	0	0	0	0	0	0	0	0	0	0	0	70000000	0	0	0	0	90
623	201000	2	30519	3	80450	2	90031	1	0	0	0	0	0	0	0	0	0	0	0	0	70000000	0	0	0	0	85
624	201000	2	30519	4	80450	2	90031	2	0	0	0	0	0	0	0	0	0	0	0	0	80000000	0	0	0	0	80
625	201000	3	30519	4	80450	3	90031	2	0	0	0	0	0	0	0	0	0	0	0	0	100000000	0	0	0	0	75
626	201000	3	30519	5	80450	4	90031	3	0	0	0	0	0	0	0	0	0	0	0	0	120000000	0	0	0	0	70
627	201000	4	30519	6	80450	4	90031	3	0	0	0	0	0	0	0	0	0	0	0	0	140000000	0	0	0	0	65
628	201000	4	30519	8	80450	5	90031	5	90037	1	0	0	0	0	0	0	0	0	0	0	180000000	0	0	0	0	60
629	201000	5	30519	10	80450	6	90031	7	90037	1	0	0	0	0	0	0	0	0	0	0	250000000	0	0	0	0	55
630	201001	1	50642	2	0	0	0	0	0	0	0	0	0	0	0	0	0	0	0	0	200000000	0	0	0	0	100
631	201000	12	80459	3	80458	1	0	0	0	0	0	0	0	0	0	0	0	0	0	0	100000000	0	0	0	0	90
632	201000	12	80459	4	80458	1	90032	1	0	0	0	0	0	0	0	0	0	0	0	0	100000000	0	0	0	0	80
633	201000	15	80459	5	80458	2	90032	2	0	0	0	0	0	0	0	0	0	0	0	0	100000000	0	0	0	0	75
634	201000	18	80459	6	80458	3	90032	3	0	0	0	0	0	0	0	0	0	0	0	0	120000000	0	0	0	0	70
635	201000	20	80459	7	80458	4	90032	4	0	0	0	0	0	0	0	0	0	0	0	0	150000000	0	0	0	0	65
636	201000	22	80459	8	80458	4	90032	5	0	0	0	0	0	0	0	0	0	0	0	0	170000000	0	0	0	0	60
637	201000	25	80459	9	80458	5	90032	6	90038	1	0	0	0	0	0	0	0	0	0	0	200000000	0	0	0	0	55
638	201000	28	80459	10	80458	6	90032	8	90038	1	0	0	0	0	0	0	0	0	0	0	240000000	0	0	0	0	50
639	201000	30	80459	12	80458	7	90032	12	90038	2	0	0	0	0	0	0	0	0	0	0	300000000	0	0	0	0	45
640	201001	3	50643	2	0	0	0	0	0	0	0	0	0	0	0	0	0	0	0	0	250000000	0	0	0	0	100
641	201000	12	30512	3	30502	1	0	0	0	0	0	0	0	0	0	0	0	0	0	0	200000000	0	0	0	0	90
642	201000	12	30512	4	30502	1	90033	1	0	0	0	0	0	0	0	0	0	0	0	0	250000000	0	0	0	0	80
643	201000	15	30512	5	30502	2	90033	2	0	0	0	0	0	0	0	0	0	0	0	0	350000000	0	0	0	0	75
644	201000	18	30512	6	30502	3	90033	3	0	0	0	0	0	0	0	0	0	0	0	0	400000000	0	0	0	0	60
645	201000	20	30512	7	30502	4	90033	4	0	0	0	0	0	0	0	0	0	0	0	0	400000000	0	0	0	0	55
646	201000	22	30512	8	30502	4	90033	5	0	0	0	0	0	0	0	0	0	0	0	0	400000000	0	0	0	0	50
647	201000	25	30512	9	30502	5	90033	6	90039	1	0	0	0	0	0	0	0	0	0	0	500000000	0	0	0	0	50
648	201000	28	30512	10	30502	6	90033	8	90039	2	0	0	0	0	0	0	0	0	0	0	550000000	0	0	0	0	45
649	201000	30	30512	12	30502	7	90033	12	90039	3	0	0	0	0	0	0	0	0	0	0	600000000	0	0	0	0	40
650	201001	3	50644	3	0	0	0	0	0	0	0	0	0	0	0	0	0	0	0	0	300000000	0	0	0	0	100
651	201000	18	30501	3	30505	1	0	0	0	0	0	0	0	0	0	0	0	0	0	0	300000000	0	0	0	0	80
652	201000	20	30501	4	30505	1	90034	1	0	0	0	0	0	0	0	0	0	0	0	0	350000000	0	0	0	0	75
653	201000	25	30501	5	30505	2	90034	2	0	0	0	0	0	0	0	0	0	0	0	0	400000000	0	0	0	0	70
654	201000	28	30501	6	30505	3	90034	3	0	0	0	0	0	0	0	0	0	0	0	0	500000000	0	0	0	0	60
655	201000	30	30501	7	30505	4	90034	4	0	0	0	0	0	0	0	0	0	0	0	0	600000000	0	0	0	0	50
656	201000	32	30501	8	30505	4	90034	5	0	0	0	0	0	0	0	0	0	0	0	0	800000000	0	0	0	0	45
657	201000	35	30501	9	30505	5	90034	6	90040	2	0	0	0	0	0	0	0	0	0	0	200000000	1	0	0	0	40
658	201000	40	30501	10	30505	6	90034	8	90040	3	0	0	0	0	0	0	0	0	0	0	500000000	1	0	0	0	40
659	201000	45	30501	12	30505	7	90034	12	90040	4	0	0	0	0	0	0	0	0	0	0	0	2	0	0	0	35
670	201000	4	30519	10	80450	10	90030	10	90037	2	203004	2	0	0	0	0	0	0	0	0	500000000	0	1000	0	0	100
671	201000	6	30519	10	80450	10	90030	20	90037	3	203004	4	0	0	0	0	0	0	0	0	0	2	1000	0	0	50
672	201000	8	30519	15	80450	15	90031	10	90037	4	203004	6	0	0	0	0	0	0	0	0	0	4	1000	0	0	50
673	201000	10	80459	10	80458	10	90031	20	90038	2	203004	8	0	0	0	0	0	0	0	0	0	6	1000	0	0	40
674	201000	15	80459	10	80458	10	90032	10	90038	3	203004	10	0	0	0	0	0	0	0	0	0	8	1000	0	0	40
675	201000	20	80459	15	80458	15	90032	20	90038	4	203004	15	0	0	0	0	0	0	0	0	0	10	1000	0	0	30
676	201000	25	30512	20	30502	20	90033	10	90039	4	203004	20	0	0	0	0	0	0	0	0	0	15	1000	0	0	30
677	201000	40	30512	20	30502	20	90033	20	90039	5	203004	30	0	0	0	0	0	0	0	0	0	20	1000	0	0	20
678	201000	50	30501	50	30505	50	90034	30	90040	10	203004	50	0	0	0	0	0	0	0	0	0	30	1000	0	0	10
680	201000	4	30519	10	80450	10	90030	10	90037	2	203005	2	0	0	0	0	0	0	0	0	500000000	0	1000	0	0	100
681	201000	6	30519	10	80450	10	90030	20	90037	3	203005	4	0	0	0	0	0	0	0	0	0	2	1000	0	0	50
682	201000	8	30519	15	80450	15	90031	10	90037	4	203005	6	0	0	0	0	0	0	0	0	0	4	1000	0	0	50
683	201000	10	80459	10	80458	10	90031	20	90038	2	203005	8	0	0	0	0	0	0	0	0	0	6	1000	0	0	40
684	201000	15	80459	10	80458	10	90032	10	90038	3	203005	10	0	0	0	0	0	0	0	0	0	8	1000	0	0	40
685	201000	20	80459	15	80458	15	90032	20	90038	4	203005	15	0	0	0	0	0	0	0	0	0	10	1000	0	0	30
686	201000	25	30512	20	30502	20	90033	10	90039	4	203005	20	0	0	0	0	0	0	0	0	0	15	1000	0	0	30
687	201000	40	30512	20	30502	20	90033	20	90039	5	203005	30	0	0	0	0	0	0	0	0	0	20	1000	0	0	20
688	201000	50	30501	50	30505	50	90034	30	90040	10	203005	50	0	0	0	0	0	0	0	0	0	30	1000	0	0	10
690	201000	4	30519	10	80450	10	90030	10	90037	2	203006	2	0	0	0	0	0	0	0	0	500000000	0	1000	0	0	100
691	201000	6	30519	10	80450	10	90030	20	90037	3	203006	4	0	0	0	0	0	0	0	0	0	2	1000	0	0	50
692	201000	8	30519	15	80450	15	90031	10	90037	4	203006	6	0	0	0	0	0	0	0	0	0	4	1000	0	0	50
693	201000	10	80459	10	80458	10	90031	20	90038	2	203006	8	0	0	0	0	0	0	0	0	0	6	1000	0	0	40
694	201000	15	80459	10	80458	10	90032	10	90038	3	203006	10	0	0	0	0	0	0	0	0	0	8	1000	0	0	40
695	201000	20	80459	15	80458	15	90032	20	90038	4	203006	15	0	0	0	0	0	0	0	0	0	10	1000	0	0	30
696	201000	25	30512	20	30502	20	90033	10	90039	4	203006	20	0	0	0	0	0	0	0	0	0	15	1000	0	0	30
697	201000	40	30512	20	30502	20	90033	20	90039	5	203006	30	0	0	0	0	0	0	0	0	0	20	1000	0	0	20
698	201000	50	30501	50	30505	50	90034	30	90040	10	203006	50	0	0	0	0	0	0	0	0	0	30	1000	0	0	10
700	90031	10	80450	15	30519	3	0	0	0	0	0	0	0	0	0	0	0	0	0	0	0	3	1000	0	0	60
701	90031	15	80450	20	30519	5	0	0	0	0	0	0	0	0	0	0	0	0	0	0	0	5	1000	0	0	60
702	90032	10	80459	15	80458	3	0	0	0	0	0	0	0	0	0	0	0	0	0	0	0	8	1000	0	0	60
703	90032	15	80459	20	80458	5	0	0	0	0	0	0	0	0	0	0	0	0	0	0	0	10	1000	0	0	60
704	90033	10	30512	15	30502	3	0	0	0	0	0	0	0	0	0	0	0	0	0	0	0	15	1500	0	0	60
705	90033	15	30512	20	30502	5	0	0	0	0	0	0	0	0	0	0	0	0	0	0	0	20	2000	0	0	60
706	90034	10	30501	15	30505	5	90033	5	90032	11	80458	12	80459	125	30512	55	90031	111	0	0	0	35	3000	0	0	60
707	0	0	0	0	0	0	0	0	0	0	0	0	0	0	0	0	0	0	0	0	0	0	0	0	0	100
708	0	0	0	0	0	0	0	0	0	0	0	0	0	0	0	0	0	0	0	0	0	0	0	0	0	100
709	0	0	0	0	0	0	0	0	0	0	0	0	0	0	0	0	0	0	0	0	0	0	0	0	0	100
710	31077	8	201000	200	71094	400	71001	400	50513	400	51001	40	11024	400	0	0	0	0	0	0	0	80	8000	0	0	50
711	31077	10	201000	250	71094	500	71001	500	50513	500	51001	50	11024	500	0	0	0	0	0	0	0	90	9000	0	0	50
712	31077	12	201000	300	71094	600	71001	600	50513	600	80019	400	50097	150	0	0	0	0	0	0	0	100	10000	0	0	50
713	31077	14	201000	400	71094	700	71001	700	50513	700	80019	500	50097	200	34000	1	0	0	0	0	0	120	12000	0	0	60
714	31077	16	201000	500	71094	800	71001	800	50513	800	80019	600	80055	50	34000	1	0	0	0	0	0	150	15000	0	0	60
715	31077	25	201000	70	71094	200	71001	200	50513	200	90500	35	50097	25	0	0	0	0	0	0	0	130	2000	0	0	50
716	31077	30	201000	80	71094	250	71001	250	50513	250	90500	45	50097	30	0	0	0	0	0	0	0	150	3000	0	0	50
717	31077	35	201000	90	71094	300	71001	300	50513	300	90500	50	50097	35	0	0	0	0	0	0	0	180	4000	0	0	50
718	31077	40	201000	100	71094	500	71001	500	50513	500	90500	75	50097	50	0	0	0	0	0	0	0	250	5000	0	0	70
719	31077	3	201000	50	71094	75	71001	75	50513	75	90500	5	50097	5	0	0	0	0	0	0	0	0	200	0	0	50
720	201000	500	203015	100	203018	50	203019	50	203021	5	34000	1	50647	2	0	0	0	0	0	0	0	100	5000	0	0	100
721	201000	100	203015	115	203018	75	203019	75	203016	50	203017	50	0	0	0	0	0	0	0	0	0	10	5000	0	0	25
722	201000	150	203015	130	203018	90	203019	90	203016	75	203017	75	0	0	0	0	0	0	0	0	0	30	7000	0	0	25
723	201000	200	203015	145	203018	105	203019	105	203016	90	203017	90	0	0	0	0	0	0	0	0	0	50	9000	0	0	25
724	201000	250	203015	160	203018	120	203019	120	203016	105	203017	105	203020	2	0	0	0	0	0	0	0	70	11000	0	0	15
725	201000	300	203015	175	203018	135	203019	135	203016	120	203017	120	203020	3	0	0	0	0	0	0	0	90	13000	0	0	15
726	201000	350	203015	190	203018	150	203019	150	203016	135	203017	135	203020	4	0	0	0	0	0	0	0	110	15000	0	0	15
727	201000	400	203015	205	203018	165	203019	165	203016	150	203017	150	203021	3	0	0	0	0	0	0	0	130	17000	0	0	5
728	201000	450	203015	220	203018	180	203019	180	203016	165	203017	165	203021	6	0	0	0	0	0	0	0	150	19000	0	0	5
729	201000	500	203015	240	203018	200	203019	200	203016	180	203017	180	203021	9	0	0	0	0	0	0	0	170	20000	0	0	5
800	201000	1	80461	1	80460	1	0	0	0	0	0	0	0	0	0	0	0	0	0	0	40000000	0	0	0	0	100
801	201000	1	80461	1	80460	1	90030	1	0	0	0	0	0	0	0	0	0	0	0	0	40000000	0	0	0	0	95
802	201000	2	80461	2	80460	1	90030	1	0	0	0	0	0	0	0	0	0	0	0	0	40000000	0	0	0	0	90
803	201000	2	80461	3	80460	2	90030	2	0	0	0	0	0	0	0	0	0	0	0	0	60000000	0	0	0	0	85
804	201000	2	80461	3	80460	2	90030	2	0	0	0	0	0	0	0	0	0	0	0	0	70000000	0	0	0	0	80
805	201000	3	80461	3	80460	2	90030	2	0	0	0	0	0	0	0	0	0	0	0	0	80000000	0	0	0	0	75
806	201000	3	80461	4	80460	2	90030	3	0	0	0	0	0	0	0	0	0	0	0	0	120000000	0	0	0	0	70
807	201000	4	80461	5	80460	3	90030	3	0	0	0	0	0	0	0	0	0	0	0	0	150000000	0	0	0	0	65
808	201000	5	80461	7	80460	3	90030	5	0	0	0	0	0	0	0	0	0	0	0	0	170000000	0	0	0	0	60
810	201000	5	30519	2	80450	1	0	0	0	0	0	0	0	0	0	0	0	0	0	0	70000000	0	0	0	0	100
811	201000	5	30519	3	80450	2	90031	1	0	0	0	0	0	0	0	0	0	0	0	0	70000000	0	0	0	0	90
812	201000	5	30519	4	80450	2	90031	2	0	0	0	0	0	0	0	0	0	0	0	0	70000000	0	0	0	0	85
813	201000	5	30519	5	80450	3	90031	3	0	0	0	0	0	0	0	0	0	0	0	0	80000000	0	0	0	0	80
814	201000	6	30519	6	80450	3	90031	4	0	0	0	0	0	0	0	0	0	0	0	0	100000000	0	0	0	0	75
815	201000	8	30519	7	80450	3	90031	5	0	0	0	0	0	0	0	0	0	0	0	0	120000000	0	0	0	0	70
816	201000	10	30519	8	80450	4	90031	6	0	0	0	0	0	0	0	0	0	0	0	0	140000000	0	0	0	0	65
817	201000	12	30519	9	80450	5	90031	7	0	0	0	0	0	0	0	0	0	0	0	0	180000000	0	0	0	0	60
818	201000	15	30519	10	80450	6	90031	8	90037	1	0	0	0	0	0	0	0	0	0	0	250000000	0	0	0	0	55
820	201000	8	80459	2	80458	1	0	0	0	0	0	0	0	0	0	0	0	0	0	0	100000000	0	0	0	0	90
821	201000	8	80459	3	80458	2	90032	1	0	0	0	0	0	0	0	0	0	0	0	0	100000000	0	0	0	0	80
822	201000	8	80459	4	80458	2	90032	2	0	0	0	0	0	0	0	0	0	0	0	0	100000000	0	0	0	0	75
823	201000	10	80459	5	80458	3	90032	3	0	0	0	0	0	0	0	0	0	0	0	0	120000000	0	0	0	0	70
824	201000	12	80459	6	80458	3	90032	5	0	0	0	0	0	0	0	0	0	0	0	0	150000000	0	0	0	0	65
825	201000	13	80459	7	80458	3	90032	6	0	0	0	0	0	0	0	0	0	0	0	0	170000000	0	0	0	0	60
826	201000	14	80459	8	80458	4	90032	7	0	0	0	0	0	0	0	0	0	0	0	0	200000000	0	0	0	0	55
827	201000	15	80459	9	80458	5	90032	8	90038	1	0	0	0	0	0	0	0	0	0	0	240000000	0	0	0	0	50
828	201000	20	80459	10	80458	6	90032	10	90038	2	0	0	0	0	0	0	0	0	0	0	300000000	0	0	0	0	45
830	201000	10	30512	2	30502	1	0	0	0	0	0	0	0	0	0	0	0	0	0	0	200000000	0	0	0	0	90
831	201000	10	30512	3	30502	2	90033	1	0	0	0	0	0	0	0	0	0	0	0	0	250000000	0	0	0	0	80
832	201000	12	30512	4	30502	2	90033	2	0	0	0	0	0	0	0	0	0	0	0	0	350000000	0	0	0	0	75
833	201000	14	30512	5	30502	3	90033	3	0	0	0	0	0	0	0	0	0	0	0	0	400000000	0	0	0	0	60
834	201000	16	30512	6	30502	3	90033	5	0	0	0	0	0	0	0	0	0	0	0	0	400000000	0	0	0	0	55
835	201000	18	30512	7	30502	3	90033	6	0	0	0	0	0	0	0	0	0	0	0	0	400000000	0	0	0	0	50
836	201000	20	30512	8	30502	4	90033	7	90039	1	0	0	0	0	0	0	0	0	0	0	500000000	0	0	0	0	50
837	201000	25	30512	9	30502	5	90033	8	90039	1	0	0	0	0	0	0	0	0	0	0	550000000	0	0	0	0	45
838	201000	30	30512	10	30502	6	90033	10	90039	2	0	0	0	0	0	0	0	0	0	0	600000000	0	0	0	0	40
840	201000	15	30501	2	30505	1	0	0	0	0	0	0	0	0	0	0	0	0	0	0	300000000	0	0	0	0	100
841	201000	15	30501	3	30505	2	90034	1	0	0	0	0	0	0	0	0	0	0	0	0	350000000	0	0	0	0	80
842	201000	16	30501	4	30505	2	90034	2	0	0	0	0	0	0	0	0	0	0	0	0	400000000	0	0	0	0	75
843	201000	18	30501	5	30505	3	90034	3	0	0	0	0	0	0	0	0	0	0	0	0	500000000	0	0	0	0	70
844	201000	20	30501	6	30505	3	90034	5	0	0	0	0	0	0	0	0	0	0	0	0	600000000	0	0	0	0	60
845	201000	25	30501	7	30505	3	90034	6	0	0	0	0	0	0	0	0	0	0	0	0	800000000	0	0	0	0	50
846	201000	30	30501	8	30505	4	90034	7	90040	1	0	0	0	0	0	0	0	0	0	0	200000000	1	0	0	0	45
847	201000	35	30501	9	30505	5	90034	8	90040	2	0	0	0	0	0	0	0	0	0	0	500000000	1	0	0	0	40
848	201000	40	30501	10	30505	6	90034	10	90040	3	0	0	0	0	0	0	0	0	0	0	0	2	0	0	0	35