Group	UmPomocnika
{
	Vnum	80020	
	1	50496	1	100
	2	50494	1	100
	3	50511	1	100
}

Group	moonlightchest
{
	Vnum	50011	
	1	80005	10	50
	2	80006	10	40
	3	80007	10	30
	4	201000	2	12
	5	201001	1	3
	6	201002	1	3
	7	80030	1	4
	8	80019	3	6
	9	90033	2	10
	10	90032	2	10
	11	90031	2	10
	12	90030	2	10
	13	71052	3	8
	14	51001	1	4
	15	80053	2	5
	16	80054	2	5
	17	80051	2	5
}

Group	easterchest
{
	Vnum	201207
	1	80005	10	50
	2	80006	10	40
	3	80007	10	30
	4	201000	1	8
	5	80030	1	4
	6	80019	3	10
	7	90033	1	8
	8	90032	1	8
	9	90031	1	8
	10	90030	1	8
	11	71052	3	4
	12	51001	1	4
	13	80053	2	5
	14	80054	2	5
	15	80051	2	5
	16	201215	1	1
}

Group	valentinechest
{
	Vnum	50025	
	1	80005	15	500
	2	80006	15	400
	3	80007	15	300
	4	201000	3	120
	5	201001	2	30
	6	201002	2	30
	7	80030	1	40
	8	80019	3	60
	9	90033	3	100
	10	90032	3	100
	11	90031	3	100
	12	90030	3	100
	13	71052	4	80
	14	51001	1	40
	15	80053	3	50
	16	80054	3	50
	17	80051	3	50
	18	41974	1	2
	19	41975	1	2
	20	45970	1	2
	21	45971	1	2
	22	40752	1	2
	23	40753	1	2
	24	40754	1	2
	25	40755	1	2
	26	40756	1	2
	27	40757	1	2
	28	85526	1	2
}

Group	Pasywki
{
	Vnum	11024	
	1	50335	1	100
	2	50338	1	100
	3	50341	1	100
	4	50344	1	100
	5	50347	1	100
	6	50350	1	100
	7	50353	1	100
	8	50356	1	100
	9	50359	1	100
	10	50362	1	100
	11	50365	1	100
}

Group	Baronka
{
	Vnum	90058	
	Type	pct
	1	27994	1	20
	2	27993	1	20
	3	27992	1	20
	4	50255	1	30
	5	50256	1	20
	6	71094	1	22
	7	71001	1	22
	8	80050	1	4
	9	50513	1	14
	10	50099	1	10
	11	11024	1	8
	12	80020	1	11
	13	80029	1	11
	14	31150	1	6
}

Group	SzkatEkwipunku
{
	Vnum	80029	
	1	89100	1	100
	2	89150	1	100
	3	89130	1	100
	4	89120	1	100
	5	89110	1	100
	6	89140	1	100
}

Group	Artefakty
{
	Vnum	90029	
	1	56005	1	100
	2	56011	1	100
	3	56017	1	100
	4	56023	1	100
	5	56029	1	100
	6	56035	1	100
}

Group	Riper
{
	Vnum	90059	
	Type	pct
	1	90029	1	0.01
	2	27994	1	25
	3	27993	1	25
	4	27992	1	25
	5	50255	1	100
	6	50256	1	100
	7	71094	1	26
	8	71001	1	26
	9	80050	1	7
	10	50513	1	24
	11	50099	1	15
	12	11024	1	12
	13	72348	1	10
	14	80019	1	15
	15	31150	1	10
	16	80020	1	14
	17	180	1	2
	18	2170	1	2
	19	5120	1	2
	20	1130	1	2
	21	3160	1	2
	22	89000	1	2
	23	89010	1	2
	24	89020	1	2
	25	89030	1	2
}

Group	Wukong
{
	Vnum	90060	
	Type	pct
	1	90030	1	50
	2	90029	1	0.01
	3	27994	2	25
	4	27993	2	25
	5	27992	2	25
	6	50255	2	70
	7	50256	2	60
	8	71094	1	30
	9	71001	1	30
	10	80051	1	7
	11	50513	1	30
	12	50099	1	18
	13	11024	1	16
	14	72348	1	10
	15	80019	1	15
	16	25044	1	10
	17	31151	1	10
	18	80020	1	14
}

Group	RuinySkorpiona
{
	Vnum	90061	
	Type	pct
	1	90031	1	45
	2	90029	1	0.01
	3	27994	3	30
	4	27993	3	30
	5	27992	3	30
	6	50255	2	100
	7	50256	1	100
	8	71094	1	24
	9	71001	1	24
	10	80051	1	4
	11	50513	1	34
	12	50099	1	20
	13	11024	1	20
	14	72348	1	15
	15	80019	2	15
	16	25044	1	15
	17	90500	1	10
	18	51000	1	20
	19	31152	1	8
	20	90037	1	0.5
	21	80020	1	14
}

Group	ArktycznyKrol
{
	Vnum	90062	
	Type	pct
	1	90032	1	38
	2	90029	1	0.01
	3	27994	3	50
	4	27993	3	50
	5	27992	3	50
	6	50255	2	100
	7	50256	1	100
	8	50257	1	100
	9	71094	1	35
	10	71001	1	35
	11	80052	1	4
	12	50513	1	42
	13	50099	1	25
	14	11024	1	24
	15	72348	1	30
	16	80019	2	25
	17	25044	1	20
	18	90500	1	12
	19	51000	1	25
	20	31153	1	8
	21	80020	1	14
}

Group	PiekielnyWladca
{
	Vnum	90063	
	Type	pct
	1	90033	1	36
	2	90029	1	0.01
	3	27994	3	70
	4	27993	3	70
	5	27992	3	70
	6	50255	3	100
	7	50256	3	100
	8	50257	2	100
	9	50258	1	80
	10	71094	1	60
	11	71001	1	60
	12	80053	1	4
	13	50513	1	65
	14	50099	1	30
	15	11024	1	28
	16	72348	1	22
	17	80019	2	30
	18	25044	1	25
	19	90500	1	14
	20	51000	1	30
	21	31154	1	8
}

Group	KrolowaDzungli
{
	Vnum	90064	
	Type	pct
	1	90034	1	36
	2	90029	1	0.01
	3	27994	3	100
	4	27993	3	100
	5	27992	3	100
	6	50255	4	100
	7	50256	3	100
	8	50257	2	100
	9	50258	2	100
	10	71094	1	70
	11	71001	1	70
	12	80054	1	4
	13	50513	1	75
	14	50099	1	35
	15	11024	1	35
	16	72348	1	70
	17	80019	2	40
	18	25044	1	35
	19	90500	1	16
	20	51000	1	35
	21	31155	1	8
}

Group	SkrzyniaZwierzaka
{
	Vnum	50097	
	1	90501	1	100
	2	90502	1	100
	3	90503	1	100
	4	90504	1	100
	5	90505	1	100
	6	90506	1	100
	7	90507	1	100
	8	90508	1	100
	9	90509	1	100
	10	90510	1	100
	11	90511	1	100
}

Group	BossM2
{
	Vnum	50069
	1	71094	1	10
	2	71001	1	10
	3	50513	1	10
	4	80009	1	14
	5	80034	1	8
	6	30508	1	20
	7	80050	1	20
	8	71016	1	1
}

Group	BossDolinaOrkow
{
	Vnum	50070
	1	71094	1	10
	2	71001	1	10
	3	50513	1	10
	4	80009	1	14
	5	80034	1	8
	6	30508	1	20
	7	80050	1	20
	8	71016	1	1
}

Group	BossSohan
{
	Vnum	88099
	1	71094	1	10
	2	71001	1	10
	3	50513	1	10
	4	80009	1	14
	5	80034	1	8
	6	30508	1	20
	7	80050	1	20
	8	71016	1	1
}

Group	BossLas
{
	Vnum	88080
	1	71094	1	10
	2	71001	1	10
	3	50513	1	10
	4	80009	1	14
	5	80034	1	8
	6	30508	1	20
	7	80050	1	20
	8	71016	1	1
}

Group	BossLoch
{
	Vnum	50073
	1	71094	1	10
	2	71001	1	10
	3	50513	1	10
	4	80009	1	14
	5	80034	1	8
	6	30508	1	20
	7	80050	1	20
	8	71016	1	1
}

Group	Boss75
{
	Vnum	50098	
	1	71001	1	10
	2	71094	1	10
	3	50513	1	10
	4	80009	5	14
	5	80034	1	8
	6	80460	1	18
	7	80050	1	18
	8	200041	1	12
}

Group	Boss75
{
	Vnum	88092	
	1	71001	1	10
	2	71094	1	10
	3	50513	1	10
	4	80009	5	14
	5	80034	1	8
	6	80460	1	18
	7	80050	1	18
	8	200041	1	12
}

Group	Boss100
{
	Vnum	88091	
	1	71001	1	10
	2	71094	1	10
	3	50513	1	10
	4	80009	5	14.37
	5	80034	1	16
	6	90037	1	2
	7	80051	1	15.92
	8	200042	1	24
	9	90029	1	0.01
}

Group	Boss100
{
	Vnum	88090
	1	71001	1	10
	2	71094	1	10
	3	50513	1	10
	4	80009	5	14.37
	5	80034	1	16
	6	90037	1	2
	7	80051	1	15.92
	8	200042	1	24
	9	90029	1	0.01
}

Group	Boss125
{
	Vnum	88093	
	1	71001	1	10
	2	71094	1	10
	3	50513	1	10
	4	80009	5	14.37
	5	80030	1	16
	6	90038	1	2
	7	80052	1	15.92
	8	200043	1	24
	9	90029	1	0.01
}

Group	Boss150
{
	Vnum	88095	
	1	71001	1	10
	2	71094	1	10
	3	50513	1	10
	4	80009	5	14.37
	5	80030	1	16
	6	90039	1	2
	7	80053	1	15.92
	8	200044	1	24
	9	90029	1	0.01
}

Group	Boss150
{
	Vnum	88096	
	1	71001	1	10
	2	71094	1	10
	3	50513	1	10
	4	80009	5	14.37
	5	80030	1	16
	6	90039	1	2
	7	80053	1	15.92
	8	200044	1	24
	9	90029	1	0.01
}

Group	Boss175
{
	Vnum	88097	
	1	71001	1	10
	2	71094	1	10
	3	50513	1	10
	4	80009	5	14.37
	5	80036	1	16
	6	90040	1	2
	7	80054	1	15.92
	8	200045	1	24
	9	90029	1	0.01
}

Group	Boss175
{
	Vnum	88098	
	1	71001	1	10
	2	71094	1	10
	3	50513	1	10
	4	80009	5	14.37
	5	80036	1	16
	6	90040	1	2
	7	80054	1	15.92
	8	200045	1	24
	9	90029	1	0.01
}

Group	Arezzo
{
	Vnum	50000	
	1	80035	1	1
	2	71094	1	2
	3	71001	1	2
	4	50513	1	2
	5	80019	1	3
	6	80007	1	20
	7	80006	1	44
	8	80009	1	10
	9	80008	1	5
}

Group	CorDraconis1
{
	Vnum	50255	
	1	110000  1	1
	2	120000  1	1
	3	130000  1	1
	4	140000  1	1
	5	150000  1	1
	6	160000  1	1
}
Group	CorDraconis2
{				
	Vnum	50256			  
	1	111000  1	1
	2	121000  1	1
	3	131000  1	1
	4	141000  1	1
	5	151000  1	1
	6	161000  1	1
}
Group	CorDraconis3
{				
	Vnum	50257			  
	1	112000  1	1
	2	122000  1	1
	3	132000  1	1
	4	142000  1	1
	5	152000  1	1
	6	162000  1	1
}
Group	CorDraconis4
{				
	Vnum	50258			  
	1	113000  1	1
	2	123000  1	1
	3	133000  1	1
	4	143000  1	1
	5	153000  1	1
	6	163000  1	1
}
Group	CorDraconis5
{				
	Vnum	50259			  
	1	114000  1	1
	2	124000  1	1
	3	134000  1	1
	4	144000  1	1
	5	154000  1	1
	6	164000  1	1
}

Group	Sakwa5
{
	Vnum	80453	
	1	28530	1	100
	2	28531	1	100
	3	28532	1	100
	4	28533	1	100
	5	28534	1	100
	6	28535	1	100
	7	28536	1	100
	8	28537	1	100
	9	28538	1	100
	10	28539	1	100
	11	28540	1	100
	12	28541	1	100
	13	28542	1	100
	14	28543	1	100
}

Group	Sakwa6
{
	Vnum	80454	
	1	28630	1	100
	2	28631	1	100
	3	28632	1	100
	4	28633	1	100
	5	28634	1	100
	6	28635	1	100
	7	28636	1	100
	8	28637	1	100
	9	28638	1	100
	10	28639	1	100
	11	28640	1	100
	12	28641	1	100
	13	28642	1	100
	14	28643	1	100
}

Group	Sakwa7
{
	Vnum	80455	
	1	28730	1	100
	2	28731	1	100
	3	28732	1	100
	4	28733	1	100
	5	28734	1	100
	6	28735	1	100
	7	28736	1	100
	8	28737	1	100
	9	28738	1	100
	10	28739	1	100
	11	28740	1	100
	12	28741	1	100
	13	28742	1	100
	14	28743	1	100
}

Group	Sakwa8
{
	Vnum	80456
	1	28830	1	100
	2	28831	1	100
	3	28832	1	100
	4	28833	1	100
	5	28834	1	100
	6	28835	1	100
	7	28836	1	100
	8	28837	1	100
	9	28838	1	100
	10	28839	1	100
	11	28840	1	100
	12	28841	1	100
	13	28842	1	100
	14	28843	1	100
}

Group	Sakwa9
{
	Vnum	80457
	1	28900	1	100
	2	28901	1	100
	3	28902	1	100
	4	28903	1	100
	5	28904	1	100
	6	28905	1	100
	7	28906	1	100
	8	28907	1	100
	9	28908	1	100
	10	28909	1	100
	11	28910	1	100
	12	28911	1	100
	13	28912	1	100
	14	28913	1	100
}

Group	Przetopy
{
	Vnum	50645	
	1	50639	1	100
	2	50640	1	100
	3	50641	1	100
	4	50642	1	100
	5	50643	1	100
	6	50644	1	100
}

Group	Ryby
{
	Vnum	50124	
	1	80400	5	100
	2	80401	5	100
	3	80402	5	100
	4	80403	5	100
	5	80404	5	100
	6	80405	5	100
	7	80406	5	100
	8	80407	5	100
	9	80408	5	100
}

Group	Ulepy0
{
	Vnum	31150	
	1	30508	1	100
	2	30509	1	100
}

Group	Ulepy1
{
	Vnum	31151	
	1	80460	1	100
	2	80461	1	100
}

Group	Ulepy2
{
	Vnum	31152	
	1	80450	1	100
	2	30519	1	100
}

Group	Ulepy3
{
	Vnum	31153	
	1	80458	1	100
	2	80459	1	100
}

Group	Ulepy4
{
	Vnum	31154	
	1	30502	1	100
	2	30512	1	100
}

Group	Ulepy5
{
	Vnum	31155	
	1	30505	1	100
	2	30501	1	100
}

Group	goblin_chest
{
	Vnum	201208	
	1	201209	1	15
	2	201210	1	15
	3	201211	1	15
	4	201212	1	15
	5	201215	3	3
	6	90029	1	6
	7	52926	1	4
	8	201000	10	12
	9	80005	100	50
	10	80006	100	40
	11	80007	100	35
	12	80030	5	20
	13	80019	10	10
}

Group	dungeon_goblin_chest
{
	Vnum	203008	
	1	201215	1	3
	2	90029	1	6
	3	203004	1	50
	4	203005	1	50
	5	90030	1	50
	6	90031	1	50
	7	90032	1	50
	8	90033	1	50
	9	90034	1	50
}

Group	mining_event_chest
{
	Vnum	203010	
	1	80005	150	50
	2	80006	150	50
	3	80007	150	50
	4	79016	1	25
	5	90031	1	50
	6	90032	1	50
	7	90033	1	50
	8	90034	1	50
	9	80032	2	11
	10	80031	3	16
	11	90037	1	2
	12	90038	1	2
	13	90039	1	2
	14	90040	1	2
}

Group	Boss201_1
{
	Vnum	203025	
	1	71052	1	0.5
	2	79016	1	0.5
	3	50513	1	10
	4	80009	5	14.37
	5	80036	1	16
	6	203020	1	1
	7	203028	1	5
	8	200048	1	12
	9	200049	1	12
	10	200050	1	12
	11	90029	1	0.01
}

Group	Boss201_2
{
	Vnum	203026
	1	71052	1	0.5
	2	79016	1	0.5
	3	50513	1	10
	4	80009	5	14.37
	5	80036	1	16
	6	203020	1	1
	7	203028	1	5
	8	200048	1	12
	9	200049	1	12
	10	200050	1	12
	11	90029	1	0.01
}

Group	CisarskaNaga
{
	Vnum	203031	
	Type	pct
	1	203021	1	2
	2	90029	1	0.01
	3	27994	3	100
	4	27993	3	100
	5	27992	3	100
	6	50255	4	100
	7	50256	3	100
	8	50257	2	100
	9	50258	2	100
	10	71094	1	70
	11	71001	1	70
	12	203028	1	4
	13	50513	1	75
	14	50099	1	35
	15	11024	1	35
	16	72348	1	70
	17	80019	2	40
	18	25044	1	35
	19	90500	1	16
	20	51000	1	35
	21	203032	1	8
}

Group	TruhlaVyl200
{
	Vnum	203032	
	Type	pct
	1	203015	1	100
	2	203016	1	100
	3	203017	1	100
	4	203018	1	100
	5	203019	1	100
}

Group	summerchest
{
	Vnum	201223
	1	80005	35	80
	2	80006	35	70
	3	80007	35	60
	4	201000	6	8
	5	80032	4	15
	6	80019	3	15
	7	90036	3	8
	8	90035	3	8
	9	90034	3	8
	10	90033	3	8
	11	90032	3	8
	12	90031	3	8
	13	90030	3	8
	14	71052	6	4
	15	51001	1	4
	16	80053	4	5
	17	80054	4	5
	18	80051	4	5
	19	203028	4	5
	20	201215	1	4
	21	100700	1	2
	22	79016	1	2
	23	201231	1	0.5
	24	201224	1	0.5
}

Group	wheel_costume_chest
{
	Vnum	50166
	1	41732	1	80
	2	41734	1	80
	3	85556	1	80
	4	85557	1	80
	5	52944	1	80
	6	53934	1	80
	7	40314	1	80
	8	40315	1	80
	9	40316	1	80
	10	40317	1	80
	11	40318	1	80
	12	40319	1	80
	13	40320	1	80
	14	40321	1	80
	15	40322	1	80
	16	40323	1	80
	17	40324	1	80
	18	40325	1	80
	19	40326	1	80
	20	40327	1	80
}